2905,3488,120
3799,868,3757
3808,765,3949
765,3697,6354
2905,4723,19155
2936,3697,120
2064,3368,785
3488,2905,120
2935,3799,3650
3258,2935,5061
765,881,1494
881,3485,26614
1953,3368,21245
2905,3258,3435
3258,2905,3435
3368,2905,19155
3368,4847,120
4723,3488,120
3368,765,6174
4849,3258,1332
765,4849,5274
2064,3485,6773
4847,3368,120
4170,2935,1063
4723,3258,5061
881,4723,26272
881,4849,16392
2064,4170,1673
3485,868,37
3808,4723,2389
2935,4849,19152
2936,2935,120
3368,3697,23345
4849,2936,120
765,868,4537
881,3368,18665
3485,3697,19729
868,4847,120
4723,3368,21965
4847,3799,120
3368,4849,20172
2936,765,120
3488,4723,120
4723,2935,26803
3808,868,3769
881,4170,3634
3485,4849,16572
3488,1953,120
4170,4723,3292
4847,3808,120
2935,3808,1849
2905,765,2154
3799,3808,2989
2064,1953,6773
4849,3368,20172
4849,4723,19692
3485,4170,4881
881,2905,18495
4849,3697,20172
868,3799,3757
2935,2936,120
3368,3488,120
4849,2905,17052
3488,3368,120
3697,3488,120
3799,4847,120
4723,2936,120
4849,765,5274
3368,2936,120
765,3368,6174
868,1953,2437
3485,3258,5061
1953,4723,28852
3488,868,37
3697,3799,4790
3808,4849,2869
3258,1953,5061
2935,2064,6163
4170,1953,4596
868,4723,3157
3485,2064,6773
3368,2935,21425
1953,3799,3470
3258,4849,1332
3697,3485,19729
2936,4723,120
765,2936,120
868,3488,37
2905,3799,1550
881,1953,26614
2935,765,4254
2064,3258,2241
3808,2936,120
3799,4723,4190
4723,3485,26452
4723,1953,28852
2064,3697,1669
2935,3488,120
3697,2936,120
4847,868,120
4847,4849,120
4849,3488,120
4170,3485,4881
2064,2905,615
3485,4723,26452
1953,2064,6773
868,3808,3769
2935,3258,5061
4847,3697,120
1953,3485,27756
3697,765,6354
3368,881,18665
881,2064,6773
4723,881,26272
2905,881,18495
2905,3697,19155
3697,881,19549
765,3799,4790
2936,3799,120
4849,868,3637
2905,2064,615
3488,4849,120
4723,2064,6773
2905,868,517
3799,3485,1070
3258,3485,5061
868,2905,517
868,3485,37
1953,868,2437
4723,2905,19155
3485,3368,18845
3697,4849,20172
3799,2905,1550
4849,881,16392
1953,765,4074
765,2905,2154
3485,2935,24223
4723,765,4794
4849,3808,2869
1953,2905,19155
1953,3697,22129
868,765,4537
4849,1953,18972
1953,881,26614
3697,3258,4489
3799,2936,120
3485,765,1674
2935,3485,24223
2935,881,24043
3368,2064,785
2905,2935,19155
3258,2064,2241
1953,3808,1669
765,3488,120
4723,3697,22849
868,3368,4537
1953,4849,18972
3697,2935,22309
3808,2935,1849
2935,2905,19155
881,3799,890
3697,3808,4129
3368,868,4537
2935,4723,26803
3799,3488,120
4723,4849,19692
2936,4849,120
881,3697,19549
2064,2935,6163
3697,4847,120
3258,3697,4489
881,765,1494
868,3697,4537
3697,3368,23345
1953,2935,26623
868,2935,2617
3368,3808,3769
3808,3799,2989
4849,2935,19152
3488,765,120
765,3808,3949
3808,4847,120
2905,4849,17052
2936,3808,120
3799,765,4790
3697,868,4537
3808,1953,1669
3368,3258,3605
3799,3697,4790
3799,2935,3650
4849,3799,4670
4723,3799,4190
2064,4723,6773
3485,881,26614
4849,3485,16572
868,2936,120
3368,3799,4790
3697,2064,1669
765,4847,120
3258,3368,3605
2935,868,2617
3697,4723,22849
881,2935,24043
2064,881,6773
3368,3485,18845
4847,765,120
1953,3258,5061
3258,881,5061
2935,1953,26623
3368,4723,21965
3488,3697,120
4723,3808,2389
3258,4723,5061
3697,2905,19155
881,3258,5061
2905,3485,18675
4170,881,3634
3485,3488,120
2905,1953,19155
3808,3697,4129
3485,1953,27756
765,4723,4794
4723,868,3157
3799,3368,4790
3799,881,890
3799,4849,4670
3697,1953,22129
3488,2935,120
2935,3368,21425
3488,3485,120
3808,3368,3769
765,2935,4254
4170,2064,1673
4723,4170,3292
765,1953,4074
2905,3368,19155
2936,3368,120
1953,3488,120
2935,4170,1063
3485,3799,1070
868,4849,3637
2936,868,120
3799,1953,3470
1953,4170,4596
3488,3799,120
765,3485,1674
3368,1953,21245
3485,2905,18675
2935,3697,22309
4849,4847,120
