768,987,6354
4129,4128,120
2731,4141,120
4141,4445,3757
1122,1724,25281
654,77,4828
3957,773,2910
747,3337,120
1554,3474,2456
3474,1554,2456
1527,2499,31357
1275,876,2023
4012,1617,4877
4926,2885,2008
56,958,120
56,3491,5153
59,53,5147
987,4129,5162
774,3918,3060
964,2982,4753
1196,3437,4869
1888,4876,3820
3732,1888,3173
1020,563,120
1529,1820,60
2645,1239,2813
512,3568,8021
2673,1520,2829
3451,3863,2310
1275,2530,1423
361,927,2208
4167,2504,3561
3556,4679,3141
3388,2041,3752
4556,4415,32902
199,3833,120
3369,973,5041
3547,1724,26001
774,1175,29599
1741,3958,120
3174,2385,5326
780,79,5840
4729,3679,19591
2974,3869,5107
512,3279,120
2547,3658,101
1318,1703,4059
334,3706,60
1766,4820,5115
3056,1345,21270
1585,4399,2204
2044,1810,26051
964,1741,4759
2981,1741,120
3461,3437,4020
780,2136,5840
563,1364,4039
1748,3104,4141
4290,68,5140
1800,2045,5032
2974,4562,22360
4801,4562,25816
830,88,15879
3451,1998,30
4012,1642,21171
4511,1591,240
361,4118,2328
4044,4270,1828
3515,3388,11557
1707,2717,5040
199,1202,1993
4146,4147,120
4147,4146,120
2391,2733,5525
3746,1736,5546
1196,3337,4869
3793,249,5151
311,1364,4039
3103,1053,240
3279,2257,120
998,999,120
3423,3907,120
1591,4511,240
3652,3388,120
2717,1707,5040
1766,3877,2387
686,766,14972
1202,766,1993
3085,2863,120
4639,3547,240
958,3437,6384
1457,1292,31056
3716,1021,1613
2312,2310,5577
1800,544,1514
2666,662,4269
659,4846,268
3125,3564,2239
1165,659,120
3499,476,2771
876,2530,3845
1773,1588,5978
1642,1617,4877
1332,1200,3052
3305,1437,3418
2976,4926,7219
4926,3515,16159
4356,2717,780
3331,1118,240
2790,56,5132
2776,2118,1127
3743,444,4588
2044,3085,17749
3001,973,5041
4799,79,1748
831,2045,120
1537,1942,120
2168,4012,21171
2150,838,120
4678,2356,1656
1764,1412,372
1012,2976,23440
4332,787,4947
1499,2347,29085
1626,3056,21270
73,2391,4376
1883,4141,3217
4835,2044,23632
1175,599,29599
1457,740,120
1053,3103,240
1748,1020,120
1293,1479,5653
1743,88,5719
4846,3125,2239
3908,999,2737
1276,1773,120
1283,3980,120
168,278,2100
2195,1591,4671
106,1069,1713
4679,522,3141
3515,2976,8917
4820,3331,5115
957,56,27933
444,3743,4588
686,1202,1333
4128,2742,120
2861,4883,2436
599,774,33510
2385,2981,240
4451,1457,25054
802,1877,1889
1820,1529,60
1436,1034,2711
3894,413,11872
1519,4573,60
4696,3499,1021
1712,3423,27979
337,3556,2186
3297,674,2201
3515,3652,120
296,4464,4378
2118,2007,2207
3648,1345,10856
14,1202,1993
199,1585,2204
73,2044,4376
2044,1809,60
1122,4640,5023
4876,3633,4600
637,1457,2483
3410,4729,27340
311,313,120
345,3104,6721
3103,563,240
1530,1820,60
3869,2480,5107
413,3539,5117
3492,278,2880
2237,4926,5104
2523,4917,18436
3331,1119,6434
586,2007,5638
3536,669,2412
3834,1202,1993
2640,3085,14122
599,3746,21466
3410,2223,5647
68,345,14178
87,279,120
3423,998,120
2530,1599,2700
3602,3317,5283
1318,1415,1299
4269,927,120
4679,3706,3141
694,4407,28
1984,2790,4952
59,4328,6217
2007,2775,120
292,3056,1742
1345,3934,3114
3475,1809,4255
2727,2733,3785
4883,3085,17629
1794,1741,3739
16,748,5703
1748,1877,5052
1800,832,5563
4028,88,14799
3909,1621,1590
2314,2317,120
3980,837,2952
1591,343,4761
361,2922,1308
1639,3706,5261
787,3388,4947
2391,2727,5525
2638,2727,120
2746,1736,5546
16,2635,1792
3337,1196,4869
1540,3289,376
1629,1972,120
4351,2974,4736
3539,3894,5117
1586,1599,120
1642,2168,24534
4118,4269,120
3400,3952,24173
2373,240,2673
3883,1474,29635
2776,4328,4897
686,14,4953
2391,1809,120
782,783,120
773,964,2460
2385,551,4714
2162,958,6384
2136,3474,4676
345,80,22148
3661,4009,120
3908,4023,1636
1828,3863,6813
1172,4269,120
1069,3305,2237
3305,3400,5117
3867,3331,5430
4407,1984,20072
53,617,3684
2775,59,120
15,3743,4588
2918,4129,5162
2044,4141,4897
599,2677,3485
964,3957,2310
2982,1741,4219
748,747,120
79,4172,5375
4876,3732,3893
1020,1021,120
3661,2312,120
1739,831,120
4162,2257,4953
1998,1828,6813
1773,2530,19605
1284,627,20706
2922,361,1308
3706,250,35249
1883,4883,24549
2677,774,1445
2180,773,2100
3461,1004,3237
2223,4451,5647
1857,1292,1791
3104,1364,4039
4762,2264,4500
1537,3499,120
2719,476,120
3864,3451,120
1763,1766,120
1838,957,4232
586,948,4858
2118,4328,2207
948,586,4858
1349,53,5147
2918,3028,9720
73,4883,4376
2861,1883,1176
2746,1175,22482
4368,2385,20286
748,958,5424
284,740,120
1292,2223,5647
563,80,13148
1239,1800,3593
830,1479,16696
662,1621,4410
1942,1520,2858
1284,837,29169
3663,1591,10496
1172,1092,5249
3400,1728,25553
2041,2976,3332
3883,2189,4671
292,2381,1982
3475,444,5452
3833,3834,120
4883,2863,120
1741,3174,1339
3957,2385,2910
2136,1554,6012
3289,3732,3293
3609,353,3265
1857,637,1791
311,1021,2033
1021,1053,1433
1020,80,240
2264,1820,120
832,1970,5153
3993,832,24556
1906,2145,16554
662,1034,28571
4844,4815,120
4053,999,1357
1600,1276,60
2317,3980,1752
168,3492,5283
1092,361,1368
3293,3400,120
3388,3652,120
4178,766,5375
3094,2640,5340
4639,1724,240
1082,1736,5546
2180,3174,5326
2385,4368,20286
3437,2584,91
4009,2264,21171
88,279,15879
1673,2499,4624
3980,627,2952
3951,3305,120
337,2373,1946
3556,522,27008
1012,2041,3752
4556,1119,6434
4407,918,6329
617,2775,120
1359,2775,120
4328,948,5197
73,1810,4376
782,2340,13921
1741,1794,3739
476,1520,2858
1642,2314,240
1447,420,4344
4781,2883,2086
3706,3556,35369
4395,2717,3643
948,2007,21455
73,4835,4376
4883,2727,5525
1724,4639,240
663,3957,1555
2180,551,4714
16,958,6384
1196,16,4869
353,3732,3293
311,563,24749
802,313,120
4009,2131,4563
87,830,120
4162,662,24503
4766,4815,24010
2499,2498,120
1591,2194,240
1728,1437,4498
1499,1474,29635
2790,957,5132
4328,2118,2207
2381,292,1982
3833,1202,60
3462,2981,240
2136,79,16062
1053,1020,120
1800,1972,120
1970,1239,2813
87,1906,120
2286,3909,2218
476,3499,2771
1599,1600,120
2356,4207,4776
2727,2391,5525
3633,1375,5749
2638,363,14122
277,279,120
413,3125,859
4573,476,4151
2317,2150,5457
106,2504,4353
1728,1069,5804
674,609,2201
2976,2237,5104
2612,2717,3600
4128,768,114
1810,2731,240
3463,2126,14649
774,2677,1445
1375,2925,3431
1888,3732,3173
373,1739,2899
4801,363,22756
1942,1944,120
4573,2720,3527
3423,4023,1636
2952,1149,120
337,3297,2306
4679,240,3141
4332,4926,5258
2037,4556,2708
59,2007,21572
3648,3057,120
2045,4141,60
2982,2180,4753
3437,2162,23431
284,797,3418
563,345,14538
363,4562,30583
4801,2638,14122
2209,1942,7936
1712,4053,23839
3864,3863,120
3980,3657,2952
2041,2040,120
4399,766,12279
987,2918,19980
3085,3094,5340
4445,2861,1716
3437,3337,5241
4451,3410,26134
563,1021,1853
2791,4696,2581
4493,3301,10675
1447,2954,17157
927,2356,4776
2356,1092,3936
3293,3294,120
609,674,2201
4679,674,1781
1666,2612,5404
4407,3491,5153
2775,793,120
3934,3056,3114
1585,14,2144
3546,2340,120
1375,2721,3527
373,1629,18449
1970,544,734
662,2286,5038
2673,4696,2581
3980,2150,2952
927,4270,29180
4118,4207,13327
250,675,120
787,4926,4947
1474,4464,7046
1811,53,3895
15,444,35991
4128,1628,240
551,3957,690
964,141,1878
2136,780,5840
1375,1540,5333
1972,1739,120
2145,1906,16554
2257,4162,4953
3909,2257,1653
2150,1617,4877
2921,1172,120
240,250,5328
1474,4917,15196
2277,3742,120
3536,15,5393
2640,1883,12862
551,4368,4714
79,3793,788
353,3289,5056
3289,4876,3940
2223,1292,5647
2312,4762,4500
4844,659,120
2671,2195,4671
4270,2922,2040
3400,1069,5804
675,2373,120
4332,1012,5258
3331,4415,26181
4820,4556,5115
4407,958,120
1626,2381,24278
199,1919,3263
2742,768,3143
1883,73,4376
4141,2640,4477
2831,782,9001
165,780,5163
740,741,120
662,3760,120
4815,4766,24010
1519,2993,120
1538,2209,18219
1588,1773,5978
2194,2195,120
55,694,120
292,2621,2162
14,199,5973
1202,4178,1993
2391,4445,11706
2805,2806,120
964,4368,29555
4368,141,1878
17,1004,120
165,2078,5043
3474,780,4676
741,637,5003
2045,832,5512
1479,4028,15916
3761,2257,4650
4846,4766,23392
1600,1599,120
837,2150,22386
2168,1642,24534
3590,1703,27376
4781,507,4546
3294,1728,27078
4356,1707,785
3331,1766,17188
958,4407,120
3742,2152,120
1883,3085,16009
2640,3094,5340
2942,780,5840
284,3679,16951
3679,4451,18811
68,4290,5140
345,563,14538
1364,311,4039
1739,544,2114
4028,1293,5653
1773,1275,2023
3883,4464,7046
1118,3331,240
56,957,27933
586,2118,2207
2007,4328,6217
4328,4563,1297
4399,1202,1993
1628,2742,5423
1810,2861,2436
2638,2044,240
973,2065,601
3369,3463,13929
599,654,6088
2180,3462,14289
3337,2162,5361
1972,832,120
2480,4562,31569
3869,1600,4747
876,1600,120
837,2314,240
1415,3590,22618
278,3492,2880
2194,4512,120
2949,3951,120
3515,4332,5258
947,586,120
4128,2918,240
1883,2733,5525
2727,3085,5525
3957,4368,2910
748,3461,4020
2584,3437,91
802,3103,120
1364,1748,2059
2638,1600,2600
277,1030,120
413,3564,4641
1537,2209,120
2993,3499,4405
2719,1538,120
3980,2317,1752
2040,2885,120
2776,586,4558
3056,2381,21270
4129,2742,4943
2638,4141,120
4141,2727,4477
1736,1082,5546
2162,16,23364
345,1364,4039
802,1020,120
3103,1877,120
2666,1034,4389
1519,1538,120
2993,1538,2005
2499,2298,23362
837,3657,13136
2356,1172,4776
1069,2504,3206
3951,3400,120
2237,2885,28
2611,2717,120
617,53,3684
1811,947,120
2152,15,5847
686,199,14972
2733,1883,5525
1741,2982,4219
4368,3957,2910
1004,3437,4917
1375,1121,6434
311,68,18920
4009,1820,120
2045,544,2114
662,1436,6011
3760,662,120
4269,4118,120
4678,4270,29656
1499,1832,1992
2347,4464,7046
3833,766,240
4445,2391,11706
3547,2340,5671
1741,4368,5719
3633,2721,3227
373,3993,14069
2974,1600,5840
279,88,15879
2791,2720,3527
2317,837,5457
2954,1447,17157
4118,2922,2040
3293,3952,120
609,250,24174
3867,1119,3810
3491,2790,4772
1345,2621,4331
1664,599,1575
46,2078,6015
544,1239,2114
1034,4162,24983
4573,2719,120
2954,2923,19986
1069,3374,1085
3706,609,24354
2347,2189,51
56,1984,20133
3057,3056,120
1202,3834,1993
1586,1585,120
3746,77,4885
3957,663,1555
1196,1004,4857
797,1457,5558
2045,2645,3976
2045,1239,4793
2257,3280,2210
4162,3280,2210
4573,3499,4021
697,1712,6211
3451,1527,2310
1586,2530,240
4511,2194,60
1092,4118,5249
1172,361,2568
2523,2347,19761
918,56,6329
2007,947,120
3743,3475,4348
4178,1202,1993
654,3918,3960
1082,2746,27162
773,2982,1920
4366,2981,120
780,249,5840
2264,3662,2719
3662,2312,2719
1520,3499,1418
2720,3499,3167
1599,1275,1963
2314,3980,120
2356,4118,4776
3951,3294,120
2373,522,2673
2237,3651,5104
2347,3883,36894
586,2775,120
1919,766,3263
1809,3085,120
3085,73,4376
4640,1724,5023
4366,4367,120
4366,1794,1261
46,2136,1002
311,1877,23609
802,345,12029
1944,1942,120
2317,1642,5457
1703,1563,2206
2671,4512,4576
2883,2882,120
1069,3400,5804
1728,3305,5117
3305,3952,4817
1639,4679,3141
2885,3515,2008
2237,787,4947
736,2612,5404
1707,1666,4145
1766,3331,17188
3491,957,5153
4563,1349,5401
2727,2638,120
916,3546,120
2982,4368,4753
1554,780,3620
80,1053,12728
1906,830,16914
3761,2286,4890
1165,4815,120
2559,2249,5193
1773,1600,120
2314,2150,240
675,250,120
694,2688,2484
1349,793,8236
4883,2391,12786
2805,3463,120
774,1082,26939
2746,654,6088
2982,663,415
4172,3474,4436
637,1292,5123
741,740,120
4290,345,2718
544,1970,734
1239,2645,2813
1972,2045,120
512,2666,4329
3564,1167,2680
2720,2993,3527
4573,2791,4832
1149,1447,5342
2954,3492,7153
3952,3305,4817
674,250,2201
2885,4926,2008
3515,1012,10237
2189,3883,4671
1766,4556,17188
1984,56,20133
793,2775,120
1883,2727,4265
2733,2044,5525
2126,2065,23445
165,79,5283
1121,3633,4969
563,1053,38841
1021,3103,120
88,1293,5653
3539,413,5117
2921,1092,120
106,3305,4593
337,4679,626
1639,240,5201
2347,2523,19761
4464,1499,7046
947,2007,120
3934,1345,3114
1602,4532,5840
1586,199,120
2733,4445,5525
77,774,4885
663,3958,120
2385,1741,5539
2721,1375,3527
80,1021,3593
345,4290,2718
1020,1748,120
2045,1972,120
1520,2673,2829
627,837,21906
1730,2314,180
2150,1730,20586
2952,3058,120
2504,1728,5846
4356,2612,2584
4563,948,5401
3743,445,60
1810,2863,120
2640,2727,5525
2340,3547,5671
311,1748,5052
802,1053,2609
4009,1821,16859
3761,3279,120
1773,1599,3240
627,3658,120
1284,4012,20031
3657,627,14276
106,1728,4593
3515,2885,2008
1766,3867,5370
1811,1349,3895
766,1602,5840
2638,2863,120
2863,4883,120
2863,2638,120
141,2180,1878
4366,3462,2281
1888,3289,4936
1053,311,24329
4801,4351,4736
4815,3539,5117
1942,1538,20116
2194,1591,240
1728,4167,4881
3651,4926,8299
1499,2189,4671
3867,4556,5910
444,2152,5847
1628,3210,3157
4639,1122,240
773,2385,3240
80,802,14909
373,1800,3943
1030,4028,12171
4846,3564,6021
1942,2559,22216
1829,4512,4576
4118,2356,4776
4167,3294,4161
2882,3515,120
4415,3331,26181
2381,3934,3114
1626,1345,27610
3094,2861,1416
2806,1819,1804
3547,1122,27091
344,1736,2841
4145,4367,120
1554,2078,6012
2136,165,5283
4729,797,4720
1530,2312,30986
363,4801,22756
3894,3539,5117
1998,2499,28535
4493,3863,25495
876,1276,120
1283,2150,120
2150,3658,120
4207,1092,5249
4679,2373,1353
736,1666,21479
1832,3883,1992
1202,1919,1093
2638,3085,120
3094,4141,3457
3918,1736,2280
2162,1001,120
797,284,3418
373,1238,120
2974,4351,4736
2145,1743,5719
413,4846,18532
2719,2993,120
1520,1519,120
1712,4023,1636
3301,1828,6813
1283,837,120
1447,3058,18837
4511,1829,240
2504,3305,4877
3305,1728,5117
609,675,120
3297,609,5647
1763,3867,120
3877,1119,827
918,1984,5369
3742,1809,120
2863,4141,120
774,3746,20266
3174,1794,3199
780,1554,3620
1375,1888,24511
3104,1748,4141
2264,4483,5999
832,2645,3976
1628,1629,120
1600,2638,2600
830,2145,29998
88,87,120
2666,1621,4389
1538,3499,2535
2298,2499,23362
1588,1586,120
606,1764,1392
2041,1012,3752
766,199,27710
4883,3094,5340
3547,4049,4786
1724,1304,4759
1664,3918,1695
3957,2981,120
3410,741,4301
3104,311,6721
2310,2312,5577
1629,1239,4613
3280,2666,2210
4846,3894,15592
4696,2791,2581
627,3657,14276
3657,1730,11336
1415,1655,3855
1563,1415,646
1092,4270,5249
3305,3294,5117
3388,2976,23440
4917,4916,120
4556,1766,17188
4407,2790,5132
617,948,3444
948,617,3444
2152,669,1467
1602,3834,5840
1883,2731,240
4445,4883,25089
3094,2044,5340
4640,4639,120
77,3918,2700
2721,3609,227
637,4729,5123
1292,740,240
1021,1877,713
2312,4483,6439
4028,1743,5719
4766,3894,20023
2719,2791,120
4270,1092,5249
250,337,2066
3388,2237,5104
3331,4556,26361
1349,4563,5401
2118,2776,1127
1626,2621,4691
686,1919,3263
1202,3833,60
2044,2727,5525
2733,3094,4620
2045,2044,120
1794,2180,5599
1004,16,5337
3103,802,120
1821,3662,2239
2480,4351,4736
830,1906,16914
2791,476,4451
4012,1283,120
1149,2923,5402
2235,2883,4608
250,609,24174
4926,1012,8539
1810,2727,5525
2638,1810,240
1175,344,1761
2981,4366,120
1196,2635,1792
249,3793,5151
3474,2136,4676
3716,1053,2574
1239,832,4073
87,88,120
512,662,31871
3909,3761,1110
1774,1773,120
1092,2356,3936
1482,3556,12030
1919,1585,884
73,4445,4376
1122,4049,4786
4049,782,4786
4366,1741,3241
748,2635,772
1540,1375,5333
284,4451,25438
1290,1292,120
1857,4729,1791
3410,284,25438
3280,3279,120
3657,2547,101
3317,3602,5283
522,3556,27008
2776,53,4607
1626,3648,11216
3834,4399,11679
4399,3834,11679
768,4129,3362
1809,1810,120
2861,1810,2436
1082,3746,21466
747,2635,120
3732,2721,3167
3410,1457,27530
3716,1877,1854
2131,1821,4563
4053,1278,3603
674,1639,2201
3867,4415,5250
2677,599,3485
663,964,955
2180,2981,240
2385,4366,3061
4368,3174,5326
1821,1529,120
1972,1800,120
2480,2638,14122
2666,2257,4389
2559,1538,23533
3451,3864,120
2317,1284,5457
361,2921,120
4117,1172,120
3400,3294,24833
337,522,2306
1438,1351,278
787,2976,4947
2041,2237,2912
4926,3388,9859
947,617,120
199,686,14972
686,4178,4175
654,1736,4408
3437,958,6384
284,4729,25438
68,3104,6721
4483,2312,6439
831,832,120
2638,2974,14122
1293,4028,5653
2666,3761,4050
2791,2559,3152
507,1200,4113
522,250,26888
3877,4556,2507
1349,2776,29769
617,59,5064
3057,2621,120
1586,766,120
73,1883,4376
2861,2731,120
3918,1082,5220
964,2180,26403
4367,4368,120
1001,1004,120
1004,747,120
1375,1374,120
1020,311,120
4801,3869,5107
1617,4012,4877
3294,106,4593
2717,2612,3600
4556,1118,240
1984,1782,4635
586,53,5098
199,14,5973
2861,3094,1416
2126,3001,5845
2806,3001,5545
77,2677,1085
1736,654,4408
2180,1794,5599
16,1001,120
2942,2136,16422
1457,3410,27530
3679,740,240
4762,4009,4371
1800,1629,5563
1906,279,16854
3994,697,24163
1773,1774,120
927,4044,1828
675,674,120
2044,2733,5525
2731,2044,240
3463,3001,5845
3746,1175,18406
4368,2981,240
2942,165,5283
4290,1053,5140
1821,1820,120
1739,1970,3739
3993,1629,20950
1600,2480,5840
3761,2666,4050
1165,1167,120
3564,4766,5781
1537,476,120
2150,1284,21186
4118,927,24347
1412,1438,1598
2611,4356,120
3028,987,12152
2391,2640,12426
4141,73,1417
2126,1819,1804
654,344,4521
663,1741,1915
1748,80,5052
3280,4162,2210
2993,2720,3527
2673,1942,4269
1617,2150,4877
2952,2923,120
3388,2882,120
2612,4356,2584
3883,296,5938
2118,948,1427
3056,2621,4331
2152,3475,4552
4178,14,5195
3085,1883,16009
973,2126,5041
3546,916,120
774,2746,24342
748,1196,3669
958,1004,4617
3461,748,4020
3289,2721,2567
2480,1600,5840
1520,2720,1778
1942,2993,5845
1642,1284,27733
3492,168,5283
250,1639,5261
3556,1482,12030
2885,3388,2008
3515,4926,16159
4440,957,21312
59,1811,4975
2775,53,120
4445,4141,3757
973,3001,5041
2340,916,20910
773,3958,120
1741,4367,60
4145,4368,5419
3633,3732,3893
1364,1053,4039
1239,1629,4613
1239,544,2114
3564,4846,6021
3499,1520,1418
1730,1284,28569
1728,3374,4745
3294,3951,120
3952,3294,26418
334,522,120
2373,3297,2673
2717,1666,4140
1119,1766,6434
1118,87,120
2007,4563,5401
2776,4563,5401
669,2277,24012
2277,3475,5452
3743,2277,4408
14,3833,120
1919,3834,3263
2391,4835,9846
3094,3085,5340
916,2831,22527
4049,3547,4786
4172,79,5375
832,2045,5512
1600,2974,5840
4162,512,24563
1586,876,120
4012,838,60
3294,3374,4325
1069,106,1713
240,2373,2673
337,250,2066
787,2237,4947
1499,4916,120
3491,1984,5153
4141,3094,3457
782,4639,240
964,663,955
958,2162,6384
2162,3337,5361
3437,747,240
2721,1888,2447
1748,1364,2059
544,1800,1514
476,4573,4151
1278,3423,4623
4493,1828,4675
1599,1773,3240
4207,4269,120
2976,3388,23440
2189,2523,4671
958,56,120
1883,1810,24311
4445,2044,27394
3369,1819,1804
782,1304,4759
2676,3918,120
1082,599,28979
2180,4366,1921
747,1004,120
788,249,1779
1121,3732,3173
88,1479,15579
4846,413,18532
2498,2499,120
4270,4269,120
1639,522,5261
1012,3388,26356
4440,4407,2012
948,1359,4039
765,199,120
2733,4835,4685
3462,964,14649
748,3337,3981
2078,249,28731
311,345,14718
345,3716,2754
4290,563,5140
4009,1530,20451
1970,1739,3739
4846,3539,5117
2249,2559,5193
4573,1519,60
1599,1586,120
2314,1642,240
3590,1415,22618
1332,507,3052
1069,1437,538
4167,106,3801
240,4679,3141
3867,1766,5370
4563,2007,5401
617,586,4224
3648,3056,10856
1809,2045,60
2045,3085,120
2044,73,4376
2981,2982,120
4172,1554,3395
1364,563,4039
2480,363,28509
1621,3909,1590
3894,4766,20023
2314,1284,240
1149,2954,3302
4118,4678,21227
1728,3293,120
3706,1639,5261
2040,1012,120
4415,4556,32902
1349,59,20552
3056,3934,3114
3085,3088,120
3085,2727,5525
1664,2677,1575
780,2942,5840
1540,1888,5333
4451,2223,5647
68,1053,18860
345,1877,13398
1053,802,2609
2480,3869,5107
277,1906,120
1906,88,15879
2286,3760,120
413,1167,1300
4846,4815,23632
2559,3499,4635
2673,1519,120
2499,3301,21132
4044,1172,1828
674,337,1046
53,947,120
948,1349,32956
73,2727,2465
1810,1883,24311
4445,73,4376
3085,2733,5525
3001,2126,5845
1304,1122,4759
774,1736,5546
1175,1736,4466
16,3461,4020
2136,2078,15402
80,563,13148
373,1970,4313
1034,512,28631
1942,2249,5193
2949,3293,120
250,522,26888
674,240,2201
53,1811,3895
2621,292,2162
2733,2640,5525
663,4368,1975
2635,1196,1792
3609,1375,5681
1053,4290,5140
2312,1210,5126
544,1629,2114
1629,1238,120
2480,4801,26836
4562,4351,3836
1293,2145,5653
1479,1293,5653
1167,4815,2980
3894,4815,16210
2720,2559,2867
1703,3590,27376
3058,2952,120
1838,1984,2852
53,2776,4607
2007,1349,21695
766,765,120
4146,1628,60
1304,4639,120
4451,637,4823
1530,4009,20451
1600,4562,5840
1034,2286,5938
4162,3909,5220
2993,4573,5401
2499,1527,31357
2923,420,4344
2882,1200,120
3297,522,5647
1764,4684,732
1012,3651,14276
2118,53,1667
2776,948,29769
3057,1345,120
15,2277,35916
14,4399,5973
4141,3085,4897
3174,1741,1339
16,3437,23244
17,16,120
345,1748,5052
2286,1034,5938
476,1538,371
2791,1537,120
1828,1527,6813
2317,2168,5457
2671,1591,17757
4118,1092,5249
3951,106,120
337,609,2306
2717,4395,3643
4464,2347,7046
4556,2037,2708
4328,2007,6217
2340,2831,20430
599,2676,120
4368,2180,26403
2078,79,24368
1857,741,1791
1364,1021,413
4762,1530,4500
88,2145,15879
4815,659,3808
2993,2791,4892
3908,3907,120
2194,2671,240
3293,1728,120
250,3556,37410
3706,2373,2673
1438,1412,1598
87,1763,120
3742,444,240
14,1919,3263
686,1585,1124
2044,4883,26169
2861,3085,2436
2640,73,4376
2065,2126,23445
2385,2180,19146
1374,1375,120
544,831,120
1739,1628,120
4351,4562,3836
2145,830,29998
3499,2559,4635
1599,1588,1920
450,1642,4528
2885,2976,448
56,55,120
1345,3056,21270
4141,4835,1897
2677,2676,120
2131,2264,4563
1034,3909,5220
3564,4844,120
2720,2673,1749
3058,2923,21270
2504,3952,5786
609,337,2306
1450,2976,5472
2041,4926,3752
1666,4395,2743
56,1838,4472
2863,2861,120
2746,1082,27162
3957,4366,2881
2982,551,3673
1292,284,25438
1821,2310,5457
1629,373,18449
2286,3279,120
3564,3125,2239
837,1642,28933
4118,1172,24467
1728,3951,120
3294,1437,3778
1639,3556,5261
1499,296,5938
1782,1838,2792
957,918,6329
948,4563,5401
3742,15,240
2861,4141,2436
1736,3918,2280
4367,4366,120
4172,780,5375
3633,353,5089
563,531,9561
1621,3279,120
3909,2286,2218
4012,3657,13076
4207,4270,13087
3374,3952,3665
3305,106,4593
3706,240,5328
4917,2523,18436
53,2118,1667
3149,2277,5687
14,3834,5673
3834,4532,6739
3918,1664,1695
3957,1741,2910
4172,2136,5375
740,1457,120
3103,311,240
4762,1821,719
3993,1238,120
4846,1167,2680
1600,1275,120
1283,1284,120
1642,3980,2952
2195,4512,4516
3297,250,5227
1764,606,1392
1782,3491,4515
2391,3085,13446
663,773,1735
2180,2385,19146
3174,964,5326
68,3103,240
1053,68,18860
2480,2974,23380
3760,2286,120
1942,1537,120
4696,476,2581
4207,4678,10087
3293,1437,120
606,1438,1958
1351,606,3422
3515,2041,3752
1832,1499,1992
1766,1763,120
1809,3475,4255
686,4399,10959
2391,2045,120
2746,2677,3485
2385,663,1735
2942,4172,5375
3289,353,5056
4729,2223,5647
68,3716,2634
4009,3661,120
1970,2645,3976
3280,1034,2210
4023,4053,1636
420,3058,4344
2954,168,5283
1829,4511,240
2195,2671,4671
2235,1200,4593
4332,3388,5258
957,1782,4635
59,586,5638
1626,292,2102
766,3833,240
1586,14,60
3085,2731,240
3918,599,5100
551,964,4714
1004,2635,1792
2635,748,772
4876,3609,1600
313,345,120
563,1877,38121
4009,2312,21171
4562,1600,5840
279,2145,29464
476,2559,2471
4696,4573,2401
837,2168,23934
1284,2314,240
3492,2954,7153
3952,106,4293
4415,3877,2267
73,2733,4205
1883,2638,120
2391,2863,120
2676,599,120
2982,773,1920
249,79,25028
4876,1375,4840
3410,3679,17551
4729,740,240
1364,802,1589
1820,1821,120
2264,3661,120
4483,4762,1260
373,2645,3136
1970,1800,4783
2666,3279,120
1538,2720,767
3994,1712,3151
2547,2150,2321
507,2883,2710
2373,609,2673
59,2776,20012
947,1349,120
1345,1626,27610
14,4178,5195
2044,2861,2436
1819,2806,1804
3918,654,3960
2635,2162,1792
1375,3633,5749
637,284,2963
3716,802,2754
2312,1529,120
1739,1972,120
3993,373,14069
2499,1998,28535
3863,2499,35952
1730,4012,19431
2922,1092,2040
3400,1437,4558
1351,4684,5566
1412,1351,3736
1012,787,4947
2611,4395,120
2523,2521,120
4328,2776,4897
2776,793,5349
2863,3085,120
4445,3094,5340
3369,2806,22085
4640,3547,5023
2677,654,2345
1794,3174,3199
3437,1196,4869
740,4729,240
512,2257,4533
2559,1537,120
1617,2168,4877
2150,2317,5457
1730,450,4528
2952,1447,120
334,609,120
2882,2885,120
56,694,148
2790,918,5132
669,2152,1467
3742,3743,120
73,3085,4376
3094,4883,5340
4835,2638,120
654,2746,6088
2677,1736,665
964,551,4714
1554,4172,3395
353,2721,2567
741,4451,5561
662,4162,24503
2257,662,4473
1167,4766,2440
1520,2791,2858
1942,2791,5132
2249,1942,5193
2150,2314,240
1961,3317,5313
2882,2883,120
2237,4332,5104
4820,3877,2207
1782,56,4635
2277,669,24012
2727,73,2465
3001,2065,985
2831,3546,120
599,1175,29599
551,2385,4714
249,46,6015
4729,4451,27394
313,1021,120
2310,1821,5457
279,830,29764
4028,277,120
1167,1165,120
2720,2791,3527
876,1275,2023
1588,2530,5978
675,240,120
87,1118,120
1838,958,120
3648,2381,11096
1919,199,3263
3094,4445,5340
2638,2391,120
3547,4640,5023
3957,3462,2310
3869,363,1927
1538,2791,1052
627,2150,25866
3657,2317,5457
1961,1522,5313
2195,2194,120
675,3297,120
3515,787,4947
1763,3877,120
59,948,20312
1809,444,4555
2918,2742,5603
2638,4883,240
3462,1794,5599
1020,68,120
830,4028,28798
3761,3760,120
1599,876,3240
3658,2150,120
168,2954,5283
420,2923,4344
2954,3058,19590
3952,3400,24173
1118,1766,240
2007,2776,21155
15,3475,5452
766,4178,5375
1883,2044,40212
2391,4141,4897
2733,2391,5525
1122,1121,120
773,1741,3240
1121,1540,1874
563,68,18920
832,1239,4073
2257,2666,4389
2559,2720,2867
3499,2720,3167
2673,1944,120
4012,2150,21171
2356,4678,1656
1200,1332,3052
3305,4167,3801
2347,1832,1992
1628,4128,240
4128,987,240
2727,2861,2436
4445,4835,23632
2727,1810,5525
3001,2806,5545
1122,916,17749
1794,2385,5599
2942,249,26987
802,3716,2754
1034,2666,4389
2559,1520,1118
1278,1712,4563
3907,3908,120
4270,4207,13087
1482,522,1508
2882,3388,120
4883,2731,240
2126,2806,28005
551,3174,2914
3437,748,5703
2136,4172,5375
1530,2264,25319
2312,2264,26219
1238,1629,120
830,1743,5719
4573,4696,2401
4493,3864,120
2671,1829,17577
4118,2921,120
2041,3388,3752
3651,2041,3752
1119,87,2563
2688,694,2484
2381,3648,11096
1202,1585,1784
4178,3834,4895
2731,3094,120
3337,748,3981
1290,4729,60
3104,1053,6721
1820,3662,120
279,4028,28264
512,1034,28631
2719,4696,120
1092,2921,120
1450,3515,5472
2976,2041,3332
2521,2523,120
2776,1811,3355
2775,1811,120
4399,1586,120
73,4141,1417
2044,2391,12906
2640,2731,240
77,654,4828
2180,1741,4399
79,2078,24368
284,1457,24958
1292,4729,29380
2223,3410,5647
2223,284,5647
802,311,3209
3662,1821,2239
3279,1034,120
3499,1537,120
2168,3657,13856
3657,3658,120
2150,837,22386
2704,3602,5283
1415,1318,1299
1437,3400,4558
2717,736,3720
4464,2523,6981
1811,2776,3355
1811,59,4975
14,1586,60
3369,2805,120
344,1175,1761
1664,1082,1995
2223,740,60
4162,2666,4389
1942,3499,4935
2791,1519,120
1998,2298,20662
1437,3294,3778
3556,250,37410
1118,3877,120
958,1838,120
4407,4440,2012
14,766,5973
1304,1724,4759
1794,3957,1290
773,663,1735
3461,16,4020
637,1857,1791
1877,3103,120
3104,1021,1013
1529,2264,120
1530,4483,6439
3040,832,1276
1293,1906,5653
512,3909,5220
3760,3909,120
420,1447,4344
609,1639,5261
3297,3556,5347
296,1499,5938
2152,1809,3355
599,3918,5100
3679,3410,17551
1364,3104,4039
3716,563,2754
1529,2312,120
4483,4009,1131
1739,1239,4793
1167,3564,2680
476,1942,4931
4053,3908,22029
2298,3451,2310
3980,2168,2952
2923,2952,120
2194,1829,240
1728,3952,27749
2373,1639,2673
4464,296,4378
4556,87,4123
1724,4640,5023
3958,3957,120
2162,748,5703
2078,3474,4556
740,3679,240
741,1857,1791
1292,3410,28610
3410,797,5558
1877,563,38121
1739,373,2899
4696,2993,2461
3863,1828,6813
627,2317,5457
1730,627,20106
1092,4207,5249
507,4781,4546
3952,1728,27749
4684,1438,1958
2041,2885,868
3388,4332,5258
3651,2976,13196
4328,59,6217
2152,3743,3448
2045,2391,120
2638,2640,120
2391,2044,12906
141,3462,129
1794,3462,5599
1554,2136,6012
353,1888,5485
1540,3609,3341
741,4729,5741
3679,1290,120
1629,1970,5153
1436,512,15450
1642,1730,27133
3058,2954,19590
1591,2195,4671
609,3706,24354
3515,1450,5472
4917,3883,17596
56,918,6329
1585,1202,1784
4128,4129,120
4141,1810,4897
3547,4639,240
344,599,4761
3462,663,955
3437,1004,4917
2136,2942,16422
741,3679,5741
2263,2264,120
2264,4762,4500
279,87,120
2791,1538,1052
876,1599,3240
1172,4207,13567
2922,4207,2040
1332,2235,3052
3952,2949,10551
3867,87,4123
53,586,5098
2118,617,2207
15,1809,4975
3743,1809,4495
199,3834,26390
3834,3833,120
2861,2391,2436
3746,1082,21466
3474,2078,4556
3410,1292,28610
313,802,120
2131,4009,4563
3662,1530,2179
1034,3760,120
3761,3280,2210
1527,3863,30757
1588,876,3065
3657,1283,120
1437,1069,538
787,1012,4947
4332,2041,2912
4532,766,6739
3094,2391,5340
3918,774,3060
663,3462,955
1794,773,1440
958,747,120
353,4876,3940
1375,3609,5681
2223,3679,5647
1457,741,3221
1239,1238,120
3125,4846,2239
4696,1520,2461
1527,1828,6813
2499,4493,26095
4493,2499,26095
2168,627,22626
2885,4332,28
3883,2347,36894
586,947,120
4563,4328,1297
3028,2918,9720
2731,4445,240
3085,2640,14122
773,3957,2910
747,3437,240
3609,4876,1600
831,1239,120
2286,512,5098
1527,2498,120
4012,1730,19431
2356,4270,4656
4167,3952,3501
674,3297,2201
2373,337,1946
2976,3651,13196
3388,2040,120
4556,1763,240
948,947,120
3546,2831,120
141,964,1878
3957,2180,1950
3633,4876,4600
637,3679,5123
563,1020,120
1529,1821,120
2264,2131,4563
832,831,120
512,3760,120
4494,2938,5033
697,3994,24163
3301,4493,10675
450,2168,2454
3657,2314,240
1655,1415,3855
2921,2922,120
4167,3293,120
3556,3706,35369
787,4332,4947
3388,1012,26356
4395,736,2323
1499,4464,7046
2523,1832,1992
87,4415,4003
4556,3867,5910
4407,56,21572
1810,1809,120
77,344,3261
654,1175,3328
249,780,5840
80,1748,5052
2264,2263,120
1800,2645,3976
4493,2498,120
609,522,24894
605,1764,120
1666,2717,4140
3491,4407,5153
59,2775,120
2381,1626,24278
15,669,24012
1585,4178,2204
2863,2044,120
782,1122,35341
1736,1175,4466
964,1794,5599
2982,4366,1741
3462,1741,4759
16,1004,5337
2721,3633,3227
740,284,120
1527,3451,2310
3863,1673,4624
4044,4678,1828
1437,1728,4498
1450,787,3087
1984,918,5369
1883,2391,11166
2746,3746,21466
599,344,4761
3793,79,788
68,563,18920
80,68,12788
373,1239,1973
3568,662,3071
4012,1284,20031
1092,4678,2969
507,1332,3052
2885,2237,28
4141,2731,120
3463,973,5041
4640,782,5023
344,1082,4761
3174,2982,1873
79,1554,6012
4876,3289,3940
284,1857,471
1053,1364,4039
1877,1053,40212
1820,1530,60
2974,4801,23440
659,4844,120
1538,1519,120
2547,627,2321
1415,1563,646
4395,2611,120
1118,3867,120
3877,4820,2207
2277,15,35916
199,4532,5930
2391,1810,12966
3547,3546,120
1664,2746,1995
1554,165,2943
1053,1877,40212
1877,345,13398
1743,1479,5719
999,4053,1357
3451,4493,2310
1688,210,807
3388,4926,9859
3652,2885,120
53,2007,5147
3057,2381,120
669,3742,120
2742,2918,5603
3085,2638,120
1122,3546,120
4366,3958,120
2635,1004,1792
345,3103,240
1364,345,4039
373,832,18449
1972,1239,120
4351,1600,3596
3125,4766,1999
1538,2249,5193
3863,2298,22942
876,1586,120
837,838,120
1284,3657,11936
3317,1961,5313
2923,2954,19986
1829,2194,240
4512,2194,120
1810,3085,17809
4835,3094,3780
3462,2982,4753
2162,3437,23431
80,313,120
1030,830,7918
3279,4162,120
2286,662,5038
1519,1520,120
4573,2673,2769
1828,2499,6813
4493,1527,26635
1563,1703,2206
4270,361,2088
3651,1450,5472
1474,1499,29635
15,2152,5847
3833,199,120
1628,768,6354
73,2640,4376
4835,3085,14689
4835,2727,2945
2126,973,5041
783,1724,120
2942,46,6015
2721,3289,2567
1529,4009,120
1629,1739,5539
4846,659,268
2791,4573,4832
2298,4493,23362
1522,1961,5313
927,1172,29239
4678,4207,10087
1782,918,4635
4178,1919,3263
4129,3210,3157
2638,4835,120
1554,2942,6012
1021,68,1493
1629,1628,120
4562,2480,31569
4815,3125,2239
2673,4573,2769
1520,476,2858
1673,4493,4624
1730,2168,22134
2314,837,240
1200,2883,1653
3294,3400,24833
3952,3951,120
250,1482,14091
522,3297,5647
2612,2611,120
2523,1474,24561
2776,1349,29769
1626,3934,3114
15,3536,5393
3149,15,5687
4129,2918,5162
2733,2727,3785
782,3547,27811
1121,1122,120
964,4366,2281
1121,1888,6434
68,802,2669
3040,3993,3345
4028,1030,12171
1519,2673,120
1773,1586,240
450,627,426
2168,1617,4877
3400,3951,120
3297,337,2306
1763,4556,240
3331,3867,5430
1883,3094,5100
1819,3463,1509
3462,551,4714
3437,16,23244
79,3474,4676
797,3410,5558
1020,802,120
4562,2638,14122
4815,4846,23632
1942,4696,2581
2993,2673,2829
2298,1673,4624
3602,2704,5283
2921,2356,120
522,1482,1508
1118,4556,240
59,4563,5401
2381,3057,120
444,3536,5393
3475,2277,5452
3088,3085,120
2806,3463,12669
3174,2180,5326
80,1877,12008
1821,2264,16859
2131,2312,4563
4028,1906,15354
659,1167,568
4766,3564,5781
1283,4012,120
1829,343,4761
4207,4118,13327
3556,609,24294
957,1984,20133
694,56,148
793,948,15132
3934,1626,3114
14,686,4953
1202,4399,1993
4399,199,12279
2805,3001,120
311,3104,6721
2264,2310,5577
1479,2145,16696
4766,3539,5117
3863,3451,2310
1447,2923,19197
1482,250,14091
1450,3388,5472
2885,3651,1528
4395,1666,2743
1499,3883,36285
87,3877,2387
586,59,5638
1809,2152,3355
445,444,120
1809,2391,120
2044,2638,240
773,3462,2460
780,165,5163
284,1292,25438
345,802,12029
1021,3716,1613
4290,311,5140
1970,1629,5153
363,2974,19300
2530,1588,5978
3657,3980,2952
2150,1283,120
1829,2671,17577
2922,927,2040
1437,3374,4198
605,606,120
3651,2237,5104
1349,2007,21695
654,599,6088
4366,663,1975
3842,2162,3145
284,637,2963
1021,313,120
2310,3662,2179
3909,512,5220
2673,2719,120
2499,3864,120
2499,1673,4624
1275,1586,120
1642,4012,21171
2314,627,240
3663,527,7388
4207,2921,120
1412,606,4742
4332,2885,28
2523,2189,4671
2775,2007,120
4328,1349,5437
3536,444,5393
766,1586,120
4141,2638,120
1819,3369,1804
916,2340,20910
4368,1741,5719
4799,2942,3347
1748,311,5052
832,1972,120
1739,832,4999
4766,3125,1999
2720,4696,1381
4679,609,3141
3651,4332,5258
2347,1499,29085
1118,4415,240
55,957,120
3094,1883,5100
1082,2676,120
1794,4366,1261
46,79,6015
4172,2942,5375
1888,1540,5333
797,4729,4720
544,1739,2114
4351,3869,3956
662,3280,2210
2673,2791,3069
4573,2993,5401
999,998,120
1673,3451,1770
1283,3657,120
2317,3657,5457
4117,4207,120
1012,3652,120
617,2118,2207
2942,4799,3347
68,1021,1493
88,830,15879
279,1906,16854
476,2673,3549
2530,1773,19605
1284,2168,22734
2954,2952,120
2235,1332,3052
3556,1639,5261
403,3515,4905
957,958,120
3648,2621,4751
3833,1585,120
2733,1810,5525
1736,599,5546
2981,3957,120
4367,663,120
2635,958,1732
311,802,3209
563,4290,5140
998,3423,120
2498,1527,120
627,1283,120
1617,627,4877
1591,1829,23876
4270,4118,24227
2949,1728,2429
240,674,2201
522,609,24894
3877,1766,2387
918,1838,3812
948,4328,5197
2775,586,120
445,15,120
3918,77,2700
141,4368,1878
2981,2180,240
3437,3461,4020
3289,1375,5056
4729,741,5741
80,3104,6721
1364,80,4039
2286,4162,5518
3761,1034,4830
1712,1278,4563
1828,3301,6813
1599,1276,60
1730,3980,1692
3374,4167,4581
3374,3294,4325
3706,675,120
1118,1119,120
53,2775,120
15,3742,240
4141,2045,60
4049,1122,4786
79,249,25028
1121,4876,3820
2310,1530,5457
4801,2480,26836
277,830,120
1479,830,16696
4012,2317,5457
1447,1149,5342
4118,4270,24227
1437,106,3418
675,609,120
1707,2611,120
4820,4415,5115
4147,987,835
2731,2861,120
2731,2640,240
3746,1664,735
2180,3957,1950
780,4172,5375
345,1021,3593
1364,1877,4039
832,3040,1276
1628,1739,120
2645,2045,3976
363,1600,3020
2666,3909,1449
3761,4162,4410
1942,2209,7936
3423,4053,23839
1828,1998,6813
3930,1404,7056
3400,4167,4881
3951,3374,120
2885,2041,868
1666,4356,4736
1763,87,120
1838,3491,2672
2775,1349,240
3057,1626,120
3834,4178,4895
3834,1585,1844
3085,2391,13446
4445,2638,120
1082,3918,5220
964,3462,14649
3461,2162,4020
1053,345,14118
4483,1530,6439
2645,544,734
279,1030,7384
2145,4028,30516
3279,2286,120
476,2791,4451
1538,1942,20116
1563,1318,2206
2195,4511,60
4679,3297,3141
2007,59,21572
2621,1345,4331
1919,686,3263
2727,4445,4805
774,77,4885
830,279,29764
1621,662,4410
2791,2993,4892
4573,2559,3721
3301,1527,15937
838,837,120
3556,675,120
1438,606,1958
617,4328,4464
2742,1628,5423
1736,3746,5546
1175,654,3328
3104,1877,6421
1239,831,120
662,3279,120
2257,1034,5193
2673,2993,2829
1673,3863,4624
1600,876,120
2168,837,23934
2923,1149,5402
1200,507,4113
3951,2949,120
2373,4679,1353
1351,1412,3736
1811,617,4764
766,3834,28013
4399,3833,120
1810,4883,25931
4141,4883,4837
1121,782,120
1736,2677,665
3289,1888,4936
832,1628,120
3568,1436,8021
2993,1942,5845
4573,1520,2798
3294,2504,5846
3883,2523,26961
1766,1118,240
947,2118,120
2776,59,20012
4399,1585,2204
987,3210,3157
4835,2733,4685
4835,1883,23632
916,782,9481
77,2746,4885
1741,2180,4399
964,773,2460
16,747,240
3289,1121,4936
1857,284,471
802,3104,2189
2312,3662,2719
1628,2045,120
1238,832,120
413,4766,18532
2673,2559,1089
3864,1527,120
837,450,4528
2356,361,2208
3297,240,5167
2885,3652,120
3867,3877,2507
918,957,6329
918,1782,4635
2677,1664,1575
3958,4368,120
3958,663,120
3461,2635,352
1292,1857,1791
4451,3679,18811
802,1021,3593
1739,1800,4519
1436,3568,8021
2559,4573,3721
1278,999,2377
3980,4012,2952
4207,927,13207
240,1639,5201
2373,674,1773
4679,250,3141
2041,3515,3752
4464,1474,7046
957,2790,5132
3491,56,5153
53,948,4907
2775,2776,120
766,14,5973
3085,1810,17809
3918,2677,3485
4366,3957,2881
2635,747,120
3474,4172,4436
1888,3609,5681
3609,3732,953
68,1020,120
311,4290,5140
3716,311,2754
2045,1628,120
512,1436,15450
659,4766,28
4844,4846,120
1730,2317,5397
2347,4917,10396
2790,1838,3032
948,793,15132
73,3094,3300
4366,964,2281
3474,2942,4676
1292,4451,27394
4762,2312,4500
3909,4162,5220
2209,1537,120
2530,1275,1423
1642,1283,120
2704,3317,23227
3590,1655,5535
4781,2882,120
1437,3951,120
3374,3305,3965
2521,1499,120
3867,1763,120
793,1349,8236
2277,444,35751
199,1602,5570
4178,4399,5375
2731,1883,240
4366,2385,3061
3474,79,4676
4729,3410,27340
1364,68,4039
4766,413,18532
999,1278,2377
4053,4023,1636
1275,1588,643
627,1642,22506
2704,1522,23227
1563,1655,2206
2671,3663,4197
1069,4167,921
1728,2949,2429
3742,2277,120
768,3210,1837
3001,2805,120
4049,1724,4786
2385,3958,120
3174,2981,120
79,2136,16062
4172,165,4923
1457,4729,26260
68,80,12788
1293,830,5653
4815,1165,120
2720,1537,120
1527,4493,26635
627,1284,20706
4012,627,21171
2671,343,2517
4269,4270,120
3515,2040,120
1499,2523,28581
4129,1628,5162
4141,2391,4897
2746,344,4761
4368,3958,120
637,3410,3563
3103,345,240
2638,4351,356
1479,1906,16134
3658,2547,101
1703,1318,4059
420,2954,4344
343,2671,2517
4511,4512,120
1437,3293,120
2976,1450,5472
4356,1666,4736
1349,586,5098
3834,14,5673
2731,1810,240
2831,916,22527
1004,3337,5037
958,748,5424
1121,2721,2447
1629,2045,6052
2638,2480,14122
1743,2145,5719
2559,2993,4105
1415,1703,22618
1149,3058,4982
361,1172,2568
927,4118,24347
106,3951,120
4407,957,21452
948,53,4907
444,2277,35751
3834,1919,3263
3085,1809,120
77,1736,4465
773,551,840
3793,2078,5935
2721,1121,2447
4451,284,25438
3716,3104,2154
4009,4762,4371
4009,2310,5457
1628,3993,120
1034,3280,2210
2719,2673,120
3451,2499,2310
837,1283,120
2168,1284,22734
3294,4167,4161
947,948,120
669,3149,5687
1810,4141,4897
2640,2733,5525
3463,3369,13929
1175,774,29599
3793,2942,2387
1820,2264,120
2310,2264,5577
1972,1629,120
3909,3760,120
1829,527,283
2235,3930,8756
1728,3400,25553
4684,1412,5056
4332,3651,5258
2347,296,5938
957,1838,4232
1782,1984,4635
4328,947,120
4178,199,5375
4146,2918,120
2731,3085,240
3547,782,27811
1664,344,675
1794,2982,4273
1794,4368,5599
797,1292,5558
1021,345,3593
3869,2974,5107
2559,2719,120
1538,1537,120
2150,2547,2321
1092,1172,5249
4926,3651,8299
296,2347,5938
1359,948,4039
2152,2277,5847
4141,1883,3217
2677,3918,3485
363,2638,14122
3279,3280,120
2666,2286,4389
1520,2993,2858
1942,2720,3527
1829,3663,10783
1437,3305,3418
3374,106,3965
3706,334,60
3652,3651,120
2612,736,5404
3877,3867,2507
59,1349,20552
1811,2775,120
3833,4399,120
4835,73,4376
4639,782,240
344,3746,4761
2635,16,1792
2078,4799,6895
1888,3633,4969
4876,1121,3820
563,3103,240
1053,3716,2574
4028,1479,15916
3657,4012,13076
361,4269,120
2882,4781,120
1728,3294,27078
4407,1838,4352
53,4328,5147
2776,2775,120
1810,2638,240
3369,2126,23345
2677,344,2585
249,2136,21162
2078,3793,5935
1292,3679,19651
563,802,3029
1020,1877,120
1877,3104,6421
1530,3662,2179
1970,2045,4252
1519,1942,240
2993,4696,2461
2168,3980,2952
1284,450,4528
3058,1149,4982
3297,675,120
1707,736,3725
1984,4407,20072
2775,948,240
2621,3648,4751
669,3475,172
2152,444,5847
782,4640,5023
77,599,4885
1741,2385,5539
4368,964,29555
345,311,14718
1238,1739,120
2145,87,120
2993,1537,120
4493,1673,4624
4678,4118,21227
4207,4117,120
606,1412,4742
2237,3388,5104
1782,957,4635
444,3149,5687
1809,2044,60
1883,2640,12862
4883,4445,25089
2340,3546,120
2180,964,26403
1121,3609,4214
2721,3732,3167
4451,741,5561
1020,345,240
2045,1238,120
1167,659,568
3864,4493,120
2704,1961,5313
4118,4117,120
4167,1728,4881
736,1707,3725
669,444,24012
2044,4835,23632
2391,4883,12786
2391,73,4376
782,4049,4786
1457,2223,5647
1020,1364,120
3869,4801,5107
2145,279,29464
1034,1436,2711
1586,1275,120
4679,3556,3141
4926,3652,120
1763,4415,120
617,1349,3684
1349,617,3684
2065,3001,985
3369,3001,5845
2677,2746,3485
3918,2746,5220
3289,1540,376
4451,4729,27394
1020,3104,120
1238,2045,120
2257,2286,5193
1520,2559,1118
2559,1519,120
1527,1998,28477
837,4012,21171
3657,837,13136
1655,3590,5535
1639,674,2201
56,1782,4635
444,3475,5452
199,4399,12279
2918,768,6354
2045,1810,120
1664,3746,735
774,599,33510
2180,663,595
3461,3337,3561
741,1457,3221
345,313,120
2045,831,120
2286,3280,2210
3760,1034,120
837,1617,4877
1639,3297,5227
1474,2347,24835
