514,1517,2228
933,2540,2968
1268,2173,4854
1516,4817,120
1834,2476,120
2966,3558,4327
3243,3596,3491
1425,1223,1938
1834,91,691
4817,3243,5115
3856,2494,5092
17,33,1732
1781,1868,4203
1781,4077,15600
1781,4583,9720
2529,3892,763
4447,1868,4203
4663,1198,5400
3910,1737,5220
2040,719,5392
2775,1869,15167
4920,1444,2676
3939,3892,1243
180,2198,3543
1219,4546,3234
2021,3379,4217
3379,4891,3667
1972,1045,1140
3495,1044,120
2757,1379,3051
3752,1460,648
2506,953,3404
3506,1316,1819
3583,3295,27078
2161,92,2085
534,1475,5095
755,4928,120
1061,4634,423
1574,4002,6243
2437,2615,4098
3844,4699,888
4002,4323,3037
4319,134,3702
1310,754,1199
4312,1808,1857
1310,437,959
4932,4634,1271
1793,553,2515
1574,1150,5823
685,406,11165
514,1268,6247
576,4646,3941
828,4317,3729
1383,1413,4684
1413,2494,4684
1612,2475,4877
1612,4130,3602
1749,4507,1752
1921,4817,5115
3852,4507,120
4142,4001,1702
4130,1640,901
3856,1425,1098
1646,1517,2288
64,1083,1039
588,4583,23086
667,1974,1610
826,3910,3480
1083,2040,1879
1198,1868,2343
1737,2140,3843
2530,4529,120
3251,3892,571
3205,2140,183
2531,228,1768
3910,1083,1459
1867,826,120
3440,1910,1979
695,33,2468
1484,719,5429
92,854,3482
180,4363,1259
733,3379,2579
901,1152,121
1152,2797,3418
1668,4064,1495
3433,4239,4752
3295,2897,13839
953,897,1844
4891,953,3247
1046,733,2579
3295,1046,27078
3506,1831,2192
2506,744,5703
3303,2198,4023
482,3844,4545
553,2077,2219
631,776,2523
754,1796,30768
754,4634,783
776,1796,29448
1061,1789,305
1796,4634,3423
4323,4002,3037
1182,163,120
3667,820,3505
4319,1789,3605
685,437,1579
3844,1796,5745
3896,1435,1868
389,1640,3661
983,2397,2219
1151,1834,332
1612,3632,4877
2948,4285,3672
3558,4285,4327
2397,1383,1079
1834,1612,3392
1612,1517,908
2997,576,26753
1921,1834,3992
826,1372,4069
1869,2531,2068
3519,3848,2130
3910,2056,1260
4344,592,4139
2958,1781,17220
4447,1781,22020
4663,3343,2638
47,2506,4415
89,4234,1687
180,1625,2530
180,3506,4079
1045,3433,540
1046,2473,2497
1152,1346,2406
2506,3303,5117
2797,3506,4018
2973,3752,1128
2506,1209,22392
1046,1045,3780
4165,4064,1271
2338,914,1896
4595,2243,2771
4670,901,2701
901,180,361
406,1035,5255
754,1182,240
776,3687,5498
2292,4700,120
4634,550,3003
4932,4002,3371
4319,2544,4921
4108,820,40
1035,61,867
1562,134,1242
1268,2966,18657
1646,1834,3738
1827,4285,3013
3067,4472,3183
3668,1921,439
2475,389,466
1834,983,4592
3053,1749,2412
1083,1869,3259
1198,2531,208
1675,2958,3536
2140,2300,2223
2775,4344,4643
4583,1232,8765
2775,826,5329
2056,688,6175
2042,2040,3752
1781,1737,22020
1045,1972,1140
3379,2021,4217
4921,4239,4866
4239,4196,17862
3433,2757,2811
3346,2506,1723
3224,2161,3105
1972,901,1141
4595,2506,1321
550,4760,1900
551,4634,120
1808,3759,1035
2476,3836,2374
4108,4634,2800
4312,4319,4617
4319,406,14285
407,134,120
1061,685,14972
754,134,2082
1793,1074,539
631,553,2523
1927,1858,4984
1431,2966,5138
3659,4001,349
1383,1268,30000
1431,1425,1818
4130,2397,1259
3668,1640,2881
513,1484,3647
649,3343,2915
826,2042,2012
984,4031,3345
1232,2529,3968
1737,1910,1880
3440,4583,17279
1867,719,120
1867,64,120
4031,2529,2265
3939,2042,1020
3910,3343,2398
2775,1737,26900
4529,2529,3779
92,3295,3651
2161,4921,2445
2473,2797,997
3433,3256,4752
4239,1209,4902
4196,2506,25211
4196,1045,3780
406,3836,5134
553,693,3175
685,2437,3378
820,1789,545
4496,4699,1968
1061,61,2067
1435,482,2938
4496,236,1868
2476,1035,2255
1574,236,428
1182,482,120
4002,163,5283
1749,3067,3713
2476,3668,120
3290,4472,3
1899,1834,2732
4646,2997,581
4817,1413,3244
4817,4470,2723
331,3251,2971
513,3910,3647
1198,3545,9293
1675,4569,2901
1737,3251,2011
1974,3060,2972
3343,4447,3598
4663,2775,5580
3343,2040,2818
4920,4011,396
2529,688,1928
3060,667,32
64,21,730
4663,1737,5700
47,4780,3215
92,1152,3831
297,1379,770
953,4546,2274
1316,2506,1819
2243,3920,2520
2897,4128,5162
3379,4234,2047
1625,744,550
1625,854,2282
3583,1152,36989
550,4108,2380
1435,4699,1308
1779,4312,1835
2615,4758,120
3844,4496,3006
4700,2292,120
4294,3687,5498
3204,1475,3415
3513,693,23041
3844,722,5745
4002,437,3199
4928,1808,3375
1612,2540,4877
2476,4130,120
1834,1268,4592
4470,3558,1823
1827,523,2113
3290,2494,5056
1834,828,1269
21,1868,2950
228,1868,3903
649,2042,1715
735,3745,2719
1395,3205,1324
1781,3939,3660
1869,2040,6352
1232,21,3070
3440,2040,5272
4447,21,4270
4569,2771,3801
2140,2042,2943
180,1045,360
3256,4856,6314
3379,3965,3910
3583,3433,4752
4776,4165,2141
3506,953,1484
3583,1972,3433
134,1074,2382
163,4319,5283
1183,2476,2241
1875,3667,4551
2615,3759,3470
4699,3844,888
1183,776,4461
3919,2234,2954
4758,550,120
3836,482,4294
1474,1150,120
2437,61,1347
91,2398,120
389,1749,3526
1268,1431,5678
2475,1748,120
4470,1899,2723
4765,4458,4840
4466,389,120
33,1781,3513
490,4447,4285
649,4663,1955
984,3939,2983
1484,1869,14836
1979,4890,310
3205,4663,2700
4457,4352,1996
4663,298,240
2056,592,1795
3910,1675,4680
1737,695,2468
92,953,2204
297,2506,4338
1379,3528,4130
2198,4921,4023
2897,3295,13839
2021,1046,4217
3303,2757,3351
2161,854,3345
406,4928,3139
1035,1475,5255
1480,4928,2591
1574,4496,2646
1796,4760,1900
4699,406,2928
2476,722,4877
3836,236,428
4319,2077,3659
1796,685,14972
4319,2392,1090
4928,3513,739
1223,2494,25344
1268,1834,4592
1383,3558,4327
1517,2540,3128
1640,1827,61
1748,4817,120
4507,2540,4576
1413,523,2524
3243,1834,4592
983,514,6247
1232,4447,20285
1372,2042,752
2958,3881,6669
2958,1675,3536
4663,17,1972
4583,3848,9073
4017,1737,4236
3200,3060,1112
47,4196,4415
854,3379,4862
897,3433,4752
1209,2897,2379
1379,3303,4550
4287,92,4660
4196,1972,3553
2161,733,2339
61,685,627
134,4108,1780
407,4319,120
437,631,2059
437,4294,2299
693,4319,27223
754,820,4585
1150,3513,22021
2544,2615,4921
3667,3844,5745
3811,4932,1649
2615,407,120
4323,3811,157
1875,722,4551
2476,1150,4877
3687,406,185
1793,1435,3718
3667,1574,6243
722,407,120
91,3067,2551
576,1431,5678
1749,2493,120
2173,3053,4854
2494,4472,2943
1646,1612,2538
3067,576,653
1516,523,120
3668,1827,559
592,2958,4619
1484,4529,4739
1737,4457,1440
1675,588,5096
3060,1979,812
2140,2040,3363
2775,1868,2523
1046,1531,3352
1316,2198,1819
1346,4239,3726
1625,4128,2530
3295,3379,3245
3379,3528,3665
3512,3752,1728
3528,3583,5383
2243,2021,791
3997,2506,3615
2506,1972,3553
755,2544,120
3896,4319,1868
4002,4914,756
4108,550,2380
631,406,2523
2544,1793,121
2420,534,5976
1474,236,120
1574,754,6243
3844,1475,5625
389,2398,120
828,4130,1629
1383,2397,1079
1425,3668,1399
2494,3243,11227
2540,3668,2059
3632,1834,4592
2475,983,24925
514,91,811
4765,2948,4152
3632,2173,4854
984,1781,3043
1869,2958,12947
513,33,3513
3848,2771,282
1781,695,2468
2771,1867,120
3440,2056,6175
3892,21,1723
1045,2757,2520
1045,3303,1080
1531,4891,3007
2198,4363,723
2506,3224,5809
2506,733,2279
4670,3433,1873
3346,2897,2323
744,180,1979
236,1074,2588
406,1150,10745
406,1793,3999
482,3687,5498
550,3844,5745
631,2544,661
754,1061,18004
776,3844,5745
3513,4895,5267
3517,4108,3130
3759,4002,3470
4758,4760,120
3759,407,120
4319,1061,18004
776,482,24341
4319,754,31287
2615,706,2908
3919,2433,2838
91,4130,1051
933,2997,2968
1517,4507,1508
1646,3668,1219
1827,3632,4813
1921,3243,8287
2475,4259,2694
3631,3067,120
1899,1612,4217
3596,1748,120
3290,2966,4636
649,3910,1715
688,4583,5492
2775,688,14972
1735,1372,1126
4344,1781,4643
2958,2056,6175
3283,1737,1350
854,2897,4862
1625,4287,2530
3303,3965,2590
3506,3965,2230
4595,2897,4141
3295,2506,27078
4239,3583,17442
553,1310,1859
631,1435,2523
685,3667,14972
693,4294,27223
721,4319,120
754,2077,1559
755,1789,120
776,4928,559
1061,2615,18004
1182,4294,240
2077,721,120
820,406,4585
2292,721,120
4700,722,120
1182,61,87
482,406,10325
4496,1562,2206
514,4765,4327
1223,4472,243
1268,3243,14047
1517,3632,3068
1517,4259,2948
1827,3558,853
3243,4285,6607
4470,4467,2723
2948,1899,4092
1413,983,4684
4130,2494,5162
2397,1223,539
33,3939,1020
380,667,1356
490,1395,2055
513,1737,3647
2771,4077,24942
3545,1198,9293
2040,64,4667
4890,2531,367
2531,514,120
4663,1781,5700
733,4921,1439
1152,4196,22691
1379,3965,2290
2506,2757,4791
4595,4776,126
4363,3379,845
3433,2021,1097
4750,89,1906
2506,1219,1271
3433,1152,4332
3516,1460,2470
406,3896,1868
482,754,24341
550,3667,24128
631,820,2523
631,2077,179
631,3896,1568
685,1035,5015
722,2437,4098
1150,4496,2226
2615,721,120
4895,1061,5267
3513,2437,4098
4760,722,1840
2476,754,4877
4928,3759,3470
2615,1474,120
3919,1779,2220
389,3668,3166
576,2948,4152
982,2494,120
2494,3668,3379
3053,4472,663
4317,4646,1657
4285,3856,4012
4817,2540,5115
4285,514,3847
4472,4317,3723
17,4447,3172
1232,4583,8765
1974,3200,2690
4011,1974,2964
3910,1372,2220
4447,3545,7834
1737,649,3755
733,2506,2279
1209,4196,11051
3295,3997,3615
3346,4595,1921
3379,4128,5162
4287,4891,1147
4234,89,1687
2506,1831,2192
2757,1046,4791
4595,2797,961
2338,2021,52
3433,3224,3889
3512,3379,3130
163,2077,3659
407,2615,120
550,693,24068
1182,1793,120
1310,2437,59
1796,4002,11426
2077,4634,2883
4323,4749,2566
4928,1480,2591
4496,3667,3306
4294,3513,23161
820,685,2845
4928,4002,12979
1574,553,2575
3739,2715,1431
1834,3632,4592
2997,3053,17310
4472,1223,243
3856,1431,4958
4472,2475,243
4470,3856,2723
4470,1383,2723
513,1869,3647
1198,3910,5160
1781,3881,6729
1868,2140,3303
3076,3200,1208
3910,3939,1020
4031,1868,1905
3343,1675,1858
4569,3939,1380
4529,2042,1619
3545,1781,3720
2040,984,763
90,3512,843
854,897,3122
1831,3295,2192
2021,3583,1577
2473,3224,1177
3583,4287,4240
3722,4196,9371
3506,92,4431
1951,914,2976
4239,2506,17862
3722,3583,26059
4363,47,2981
3303,2897,5117
61,4319,2067
236,4319,3728
437,1475,1819
437,2615,3199
685,754,14972
721,2615,120
755,1796,120
908,4932,1176
1183,4002,4461
1475,1796,29148
4496,1435,3426
4932,4454,420
4928,1574,19
3844,3836,5134
4932,4312,897
4319,1183,4461
1268,1383,30000
1383,4472,783
1640,3243,3661
2494,3596,491
2540,3856,5092
3632,1899,31396
2540,1413,4684
4507,1383,4576
4467,3290,5056
688,1867,120
1868,3881,363
1869,4447,16847
2056,4447,6175
4352,4457,1996
3205,1232,4084
4529,4447,4739
3440,21,490
1867,1675,120
3440,17,1072
180,4128,3362
459,3516,370
733,2897,2579
2897,3379,8765
3920,4595,780
3583,2021,1577
1045,733,2579
3495,1219,1933
1972,1152,2533
2161,1316,945
3722,1046,25983
534,2715,18396
631,1796,2523
685,4895,5267
2077,4758,120
4319,1035,5255
4634,820,663
722,236,3728
2615,1475,24655
3513,685,14972
2292,437,222
721,134,120
576,3856,5092
2475,2966,18657
2740,4285,5603
3632,2966,18657
4467,2397,2219
4130,514,4922
3852,1612,120
4817,1383,5115
3053,1517,2168
17,1232,3172
64,1868,1983
514,1232,120
695,1232,2468
1444,1974,759
1974,4352,2450
2056,3910,1260
2140,228,3843
2771,1395,2055
4583,4017,4236
2771,17,2752
4663,588,5700
1675,826,3896
4569,649,2075
854,4196,4862
901,3303,1081
907,1046,1601
1209,3506,7210
1379,4128,3782
2897,4196,19359
3965,2021,2957
3256,3224,5809
2897,1152,14019
1972,854,3182
4891,4546,2694
820,1435,3625
1182,4895,120
4928,2234,2954
4928,721,120
3836,437,1579
2077,406,2819
389,3992,3615
1640,2397,1861
1749,1921,1752
1827,91,211
1834,523,1412
3067,1383,1313
4817,1431,3698
3067,2476,120
3856,2966,5092
17,2529,3172
513,3440,2987
514,4663,120
587,649,120
1484,2092,786
1737,4583,17180
3343,3440,1738
2529,1869,3848
3205,2040,3172
3939,1198,960
4569,21,1510
3251,1979,1510
3848,2253,5193
826,64,3347
494,3256,2302
897,3528,4884
907,2506,461
1951,2243,1096
2161,3433,1185
2337,2852,2152
4546,2161,954
4363,2897,4301
3295,3224,3289
4287,2757,4191
4196,3346,2323
2897,1531,3352
61,236,1868
134,4319,3702
693,4699,1128
1435,2077,479
1475,4496,2886
2077,4928,3659
3667,3687,5498
4700,4928,120
3844,3667,5745
2615,1074,2759
2615,754,26275
4700,2615,120
4319,1474,120
983,1749,4332
1223,1425,1938
1268,3668,3379
1383,1899,31396
1899,3558,4327
2948,4507,3376
3053,3067,1193
2173,1268,4854
982,389,120
4470,2948,2412
2997,2475,21385
4259,1383,3234
4259,1646,3234
4765,4467,23238
513,3881,1607
695,2140,2403
1395,2958,2055
1735,2958,2026
1868,228,3903
3440,649,1055
1083,719,919
4569,2775,3561
1395,1372,1630
854,4546,1074
901,2897,3781
1046,3433,4752
1379,4287,4000
1531,2473,2497
2198,2897,4023
2506,3528,5383
4670,3379,4033
3495,1951,316
1045,1044,120
3433,744,2472
406,1183,4461
482,631,1203
1035,1562,1426
1074,4928,2179
2615,4928,6859
1858,534,7356
4700,134,120
4108,722,1600
2544,2077,3659
4130,4817,2342
4470,1827,1753
4466,3992,120
828,389,3286
1749,1748,120
4259,983,3894
4646,3067,593
21,1232,3070
518,2771,4647
587,1781,120
588,1781,20700
649,1867,120
695,3881,968
1232,3545,2765
2040,2531,688
2140,2531,1168
3251,4457,2700
2531,1198,208
2273,2092,3117
2300,64,4367
1735,719,3586
2958,588,27153
92,3583,4731
92,4287,4660
907,2897,3281
1046,3224,5809
1668,2658,2995
3528,4670,1693
4234,4750,2167
3583,92,4731
3528,854,2402
61,1061,2067
236,1310,2159
407,550,120
437,1035,1819
631,3513,2523
722,1789,2105
1474,1475,120
2292,3759,3230
3517,4319,3130
3836,4002,5134
4319,4895,5267
693,550,24068
4002,551,120
4699,3759,650
4002,1310,2159
3759,2077,2210
523,2540,5110
1223,4765,27496
1425,1517,2468
2494,2948,4152
3668,4646,499
4467,4470,2723
2997,1834,692
1268,389,5986
3668,91,2551
4765,1268,28020
2493,1640,120
4466,3668,120
33,2775,3513
1484,2300,4746
1867,2300,120
2040,2056,1972
3545,3995,3615
826,719,4229
3892,2530,120
4031,588,1485
3343,1781,3598
3892,1868,403
1484,1231,120
3205,2056,2884
47,3303,257
897,2161,1725
1219,3379,3611
1831,2506,2192
2161,3303,1725
2338,4165,1781
2506,3995,240
3495,3920,1740
3224,2473,1177
4595,2161,1381
3379,897,4385
2852,90,2435
2897,494,2302
3965,1531,1972
61,2544,1621
721,2077,120
1035,1435,4018
1562,3836,1186
1183,553,2035
1789,407,120
1574,1061,6243
3896,820,1868
1431,1827,4813
1612,2948,4152
1834,4285,2312
2966,4285,17397
1431,1413,4684
1517,1413,1088
2493,1921,120
4467,3558,4327
4646,1431,3941
4317,1268,6217
64,1484,4667
588,2529,3428
3200,3283,1786
3440,3881,6729
4663,3939,1260
1868,587,120
4870,4390,6519
4870,3745,4588
4447,228,5138
2300,1868,1683
4344,2958,4643
180,3303,4079
1316,2797,1819
1346,2797,3966
1817,4234,2167
3379,4670,4033
4595,4921,481
2897,854,4862
4670,2757,3853
3379,2338,4912
2897,297,4338
4546,1045,2034
4363,2048,1061
236,2077,2999
553,2615,5095
1474,3513,120
1574,2437,3378
2437,4294,4098
3919,4454,120
3844,776,5745
2392,1779,1030
721,550,120
437,163,2583
1310,1061,839
91,828,2551
933,4765,2968
1425,4130,2658
1640,3631,120
1646,2540,3918
1748,3558,120
1827,4470,1753
2540,4507,4576
3067,1431,653
2494,1612,4877
3631,983,120
1640,1223,181
4507,3290,4576
3290,91,91
514,4569,120
695,1735,2468
1083,1735,1279
1083,4529,3679
1737,2529,4208
2056,4663,1500
4663,3205,2700
2042,1083,1459
3440,1869,14387
4890,4529,547
2300,33,2793
47,2897,4415
733,907,761
953,4239,2204
1219,2243,2111
2473,3965,1117
3256,4363,4301
3965,4546,654
2506,47,4415
3346,854,1903
3256,2757,4791
3583,2897,14919
2658,1817,1524
4921,4670,3133
4891,4595,3121
163,482,123
553,1074,2759
1035,1150,4595
1035,4319,5255
1310,4496,779
2077,2437,419
3836,3896,1088
4312,3919,1020
3896,1310,119
4496,4294,3366
722,482,24341
1268,3852,240
1383,4765,38222
2476,3243,120
2997,3852,120
4646,3668,499
4317,2948,397
3290,1268,5056
1383,828,1449
1921,389,226
1748,389,120
3856,1151,2032
33,513,3513
228,984,1843
518,4583,4227
688,1735,3946
826,1735,2386
1395,4077,2055
1484,1735,3946
1781,3440,18660
1869,3910,5220
3910,513,3647
3881,3343,358
4663,228,3878
1675,1395,116
4877,2958,1173
744,4780,2463
1045,4595,2461
1316,3583,1819
1951,3920,1996
3256,3997,3314
3920,2243,2520
3965,1045,2400
897,92,4791
4196,2473,3277
953,854,3584
3379,1460,3190
2797,1531,1852
4595,854,1501
534,4294,3070
908,4002,3276
1035,2544,421
2392,4002,2470
2437,3895,60
2476,3667,4877
4318,4319,120
1796,755,120
4002,2437,4098
4699,755,120
4928,754,1879
4319,1475,29635
828,3053,1329
1223,3668,679
1268,2475,24925
1827,2540,4813
4130,1899,2942
1749,576,1872
4467,3852,240
4259,576,2574
4507,2997,1276
3558,2540,4327
21,2531,3208
331,4447,126
719,2958,3869
1868,4031,1905
2771,3545,13062
3200,1974,2690
4447,514,120
3440,490,4285
4447,2300,4746
90,4787,1083
297,3303,1037
897,3224,4429
1044,4891,120
1046,4780,4966
1316,4921,1819
297,47,3558
3379,2506,5945
3528,3295,4963
2337,1817,2124
4856,3995,240
406,1574,6243
406,4319,14285
755,4002,120
1475,4002,6986
1796,3836,5134
2544,3895,120
2615,3025,1492
2544,1074,2341
553,61,2067
4319,1875,4551
2544,685,181
91,1749,2551
576,1748,120
828,2493,120
983,2966,18657
1431,3852,120
1640,2476,120
1827,1921,4693
1834,3053,4592
2398,3243,120
3067,3668,3379
3160,2555,1224
2475,1383,24925
2494,1151,4282
2476,1517,120
4142,3243,7623
3632,576,30173
228,649,3215
298,1675,416
1232,3892,523
1735,2300,3406
1737,2531,3208
1868,2771,3423
1979,4457,2050
33,17,1732
3545,1232,2765
3939,21,3660
4569,1372,441
2140,17,2632
92,3506,4431
297,4128,2
914,3379,3276
1460,2338,730
1625,2161,885
2021,4670,3257
2473,4891,3157
3433,4196,4752
3965,4891,1627
4239,4921,4866
3303,901,1081
4787,3512,2844
2506,92,5151
4595,1346,361
1316,897,1819
236,1796,3728
553,755,120
693,1475,26863
3811,4002,5129
4928,776,559
820,553,4315
437,61,2067
4932,1789,1571
4496,3513,3366
91,1431,211
1383,1749,2532
1516,3632,120
1517,1834,2108
2997,4285,35355
4472,3067,3183
4285,2997,35355
2948,1425,498
1899,1748,120
2540,2475,22330
1517,1383,2288
4130,576,4322
228,2529,3548
588,3910,5220
695,3205,248
2042,3881,1712
2771,3910,5220
3939,4031,2745
3995,4583,3615
3892,1867,120
2775,513,3647
3939,2040,1440
3881,826,5029
4352,3164,1444
984,588,1723
47,297,3558
897,2757,3351
914,3920,1656
1046,3303,5117
2973,3512,2530
3295,3722,13938
3295,4128,2942
4921,2198,4023
4921,494,1266
3224,907,281
4239,3506,17142
3303,1346,3366
2243,1531,911
3295,2161,585
4546,2757,774
61,1562,1647
406,1474,120
406,4699,2928
754,1310,1199
1796,3667,26159
2476,4002,3986
2077,755,120
4634,755,120
3204,1150,7684
1150,553,2155
1268,3067,3713
1827,3067,653
1899,2173,4854
2397,4646,359
3067,3596,731
3243,3852,120
3631,3992,120
3852,3856,120
1749,983,4332
4130,2948,3002
3856,1223,5092
4646,2966,3461
4458,2494,2484
3668,982,120
228,514,120
588,1675,5096
588,3343,3598
592,4077,4619
649,1735,1535
1735,3440,3466
2140,2958,843
2958,3545,13653
3545,4870,8011
4031,2092,1146
3881,1675,3596
380,331,216
3343,513,2398
3892,984,1843
297,4287,220
901,2161,2701
901,4921,1801
1209,3722,26340
1625,3583,2530
2338,4546,1792
2797,4891,1507
3303,4921,4506
4196,4670,4033
2797,897,4378
1152,47,4415
2897,2473,3277
907,854,641
2161,1346,2325
3433,1625,2530
4595,459,110
4670,3295,1273
1475,3687,5498
2615,4454,660
3025,4002,3292
4699,693,1128
3844,1035,5255
693,685,14972
1793,236,368
4700,3759,120
389,3067,3406
576,2173,4854
1383,3852,240
1431,3067,653
2540,3053,21270
3160,4142,5716
3243,3992,3615
4130,4472,963
4467,1612,4877
3558,3290,1216
4817,1612,3617
4646,4130,3941
4470,1223,2723
3558,514,1687
17,688,1612
298,518,1978
688,1869,14927
1869,4031,1905
1974,4011,2964
3200,4011,1164
4077,4877,4840
1232,17,3172
3440,1395,2055
2092,331,2406
1867,588,120
92,180,4071
901,2338,172
1209,2506,22392
1831,4196,2192
2021,4287,2477
2338,2473,952
2506,4546,894
2852,3752,2015
3295,3506,18670
3722,4856,20172
901,897,1081
2658,90,2523
3495,1531,733
1460,459,1090
3516,2658,1766
61,1310,779
685,1183,4461
754,1562,2206
776,4895,5267
4634,4699,1323
3759,163,2570
1789,406,1925
2437,631,2523
693,406,11765
1223,3852,240
3596,3992,1991
2173,1921,4854
2494,1921,25104
3053,1827,4813
1899,983,24765
2397,1646,1079
3596,1516,120
33,3343,2398
588,695,2468
649,688,1595
688,984,223
1867,3892,120
1910,4077,3243
2092,2530,66
4344,4447,4643
4529,2530,120
3881,3440,6729
4663,21,1390
2775,2771,28782
2531,2529,2428
854,4891,2047
1045,3965,2400
3379,4363,845
4921,901,1801
3224,1045,2460
2757,1972,3411
4595,1531,2461
4196,1219,3611
2757,1219,1151
406,2476,4877
482,1435,2938
550,776,24008
550,1474,120
722,3759,1550
1435,1796,4558
2077,163,3659
4699,3896,1308
1035,236,668
4700,553,120
553,482,1735
514,1827,4813
982,4317,120
1748,2540,120
3053,3856,5092
4130,4317,2557
4507,1749,1752
2493,828,120
4259,2948,1254
2494,1646,3918
2540,1431,5678
4317,3631,120
2948,1151,1692
33,4663,3513
1372,1675,2636
1484,2042,3752
1735,2042,3572
1979,3076,908
3892,1484,2263
4890,3283,1410
3440,1484,12376
2529,719,1508
4569,695,2468
3440,1675,4976
297,3506,4338
733,4546,1194
744,3295,5703
1044,1531,120
1152,4287,3340
3256,4670,4033
3295,3303,3977
3433,2161,1185
2473,1044,120
2198,744,1443
897,744,2784
4239,2897,15339
534,1150,13109
553,1562,2206
706,2544,1141
754,3895,120
820,4294,3565
1310,4700,120
1480,4749,2351
3811,4323,157
3895,4319,120
4634,4760,1900
4760,4932,131
3895,437,120
2476,1061,4877
3811,908,3276
631,61,1107
389,982,120
1413,1431,4684
1425,2540,2658
1646,4765,1938
1748,3992,120
1749,3856,1152
1834,3558,152
2397,3067,2219
2475,4765,23485
3053,3852,240
3053,2997,17310
4142,389,483
3631,2540,120
2398,2397,120
4472,2397,1923
4817,1151,3315
21,4529,4270
513,1083,1459
826,4569,1701
1484,3892,2263
2042,3440,3092
2771,4583,19062
3910,4031,105
4447,4569,3801
3848,735,5179
1869,649,3515
3205,1867,120
3343,2042,2398
3164,3060,2432
744,4239,5703
897,953,1844
897,4128,4082
901,3506,721
1219,3920,120
1625,3295,2230
2506,2897,16539
2797,3295,3238
3506,4128,3722
2473,2021,2377
2506,1625,2530
3506,1625,2530
2797,907,101
236,3759,1550
482,1150,24341
482,4319,24341
550,4319,27548
553,3759,770
706,1435,2728
721,4108,120
722,3513,23161
1061,4895,5267
1182,4496,120
2437,4699,1248
2544,3759,2990
3919,4002,3660
1310,236,2159
4932,1808,2415
4895,4294,5267
4895,1875,4427
3836,693,5134
91,4317,2551
1413,1834,3572
1517,3992,2235
514,389,946
2740,1151,3922
2740,2475,5603
2540,983,23710
3290,828,669
4472,982,120
21,1484,4270
228,2140,3843
688,2775,14972
1372,2040,2932
3545,3848,15031
3205,1869,4084
3440,2529,1388
4031,1781,2805
89,3379,2523
854,3346,1903
3379,1219,3611
3583,744,5703
2797,494,1138
3346,3303,163
2198,1346,3126
61,4928,1459
163,820,2703
550,1074,2759
685,3836,5134
706,1793,1888
1779,2234,1874
2077,3667,359
2234,4928,2954
4319,2292,3582
693,61,1227
1789,754,665
2476,1796,4877
1035,553,2815
91,1827,211
576,1516,120
1749,2476,120
3890,3992,583
1827,1431,4813
2966,983,18657
4817,1899,5115
2948,1517,308
3659,3243,2389
4285,933,2968
2475,1517,1748
1198,4077,21173
2056,4344,1315
2300,2775,4746
3745,3848,4588
490,298,3745
2958,518,4647
1198,826,5329
92,4891,667
953,1045,3780
1044,1046,120
1346,3583,3306
2797,4196,5578
3224,4239,4789
2243,1951,1096
2973,1460,2673
4787,1460,1764
3224,1316,1819
3528,2198,3543
3433,2797,3838
406,437,3199
482,4496,1806
776,2544,721
754,685,14972
1074,437,2219
4319,820,4585
3667,437,2239
4323,4318,120
1183,1182,120
91,4472,2463
1612,3290,4456
2966,3067,113
4285,1899,30976
4765,983,24825
3852,2966,240
4507,4470,1636
3992,3668,2115
4130,3243,5162
228,1232,5138
513,688,3527
514,1737,120
649,4529,3659
719,826,4229
1232,3205,4084
3283,3200,1786
4077,2958,25533
1781,688,14972
4011,3060,2912
4352,3200,2866
2775,1231,120
459,4165,2141
494,2757,111
897,2797,4378
1044,3495,120
1219,4891,3071
2338,3516,10
2338,4891,832
2897,3722,699
3295,4921,3366
4239,4363,4301
3295,1831,2192
3256,92,5151
2338,1044,120
3433,2198,3723
2797,953,3044
163,3836,963
550,3895,120
631,4294,2523
685,4002,6746
1150,1875,4551
4496,1150,2226
1150,1035,4595
4318,1150,120
4319,1808,3375
1074,163,2759
482,437,739
4928,1474,120
91,1640,2401
389,3631,120
389,4467,2746
1383,4317,2377
1899,1921,31396
1921,2173,4854
2493,3992,120
2740,3856,1672
3290,4317,1597
4285,4765,36975
3243,1268,14047
4765,1646,1938
3668,1749,3379
4646,3632,3941
4142,3596,603
1827,983,4813
1640,1431,61
2958,719,3869
4663,1232,5700
3440,518,4647
1395,1198,2055
4890,1484,1087
2958,826,4969
953,4196,4784
1045,1219,2411
1951,4064,851
2243,4165,641
4196,4595,4321
4363,2198,723
4239,897,5604
4595,3495,2593
3583,494,2302
2473,92,157
1625,1316,1759
134,722,3522
163,1061,2463
482,1475,24341
553,1183,2035
693,2437,3978
820,3895,120
1475,3667,25739
1574,1793,3999
3844,61,987
437,134,1842
1562,706,2146
2292,1796,3282
1435,754,4558
389,1425,1186
576,1921,30053
1223,1748,120
1413,3067,113
1425,4765,498
1827,3290,4693
2540,3067,2153
2555,3160,1224
3243,4317,6217
3856,3053,5092
4507,983,4576
4130,3992,135
3852,576,240
4259,3067,1973
4472,2540,1623
587,1232,120
588,2040,6352
649,4031,2145
1395,4447,2055
3745,735,2719
3343,588,3598
3343,2771,3418
4447,33,3513
2300,1198,4746
2530,1737,120
3892,2273,1617
180,1316,1819
297,3583,4338
854,1531,2392
1045,3528,360
2021,4239,1997
2897,47,4415
2797,2757,4551
4546,4196,3654
4780,3295,4966
4287,3295,3160
553,1474,120
820,2437,3565
1182,2615,240
3667,4928,679
4699,1435,1308
553,236,2948
3844,1150,4965
553,163,3483
1074,754,2459
3687,1796,5498
389,2494,3166
1749,4130,2712
2173,4285,4854
2397,3290,299
3053,3632,21270
3053,4470,2723
4285,1827,3013
1640,1517,3001
2476,1223,120
3053,2740,5603
3668,2493,120
3596,1749,851
4467,523,5110
513,4569,3441
1869,2529,3848
2300,2140,2223
4077,1910,3243
3881,228,1598
1869,826,5329
3939,3440,360
3164,1974,3004
3440,2771,26219
744,3583,5703
854,4921,3842
2757,3256,4791
3303,3433,4577
4287,4921,5020
2897,907,3281
3965,897,2590
2897,2161,3345
2757,1531,2092
4787,1951,384
236,4700,120
550,820,4585
820,1035,3085
1074,2544,2341
1796,4108,2980
2234,4319,1934
4002,4318,120
4319,3895,120
4928,706,979
4758,722,60
1183,1061,4461
2392,2234,2110
2476,693,4877
514,1749,2472
514,3668,1159
983,3243,10867
1413,4317,1177
1834,1899,2732
2397,4259,1739
2997,3290,1756
3067,3243,3713
3067,2540,2153
3558,2494,4327
4130,1431,4322
4130,2475,4442
4507,3632,4576
4285,1151,4282
518,4344,4283
588,1868,3783
1395,1781,2055
3076,3164,2528
1868,1781,4203
2040,1372,2932
2300,2042,3032
1979,1737,250
3205,2042,992
3283,3164,364
3076,1974,3248
90,3516,423
2021,3528,917
2473,3256,1417
3256,3506,19450
1046,907,1601
3583,2757,3291
1972,897,3493
4856,1152,18749
3752,2658,2988
61,776,1167
163,1796,5283
776,1074,1139
776,4318,120
1061,1074,2099
1435,2544,961
4108,4323,5917
4496,482,1806
3667,553,3235
3687,2615,5498
3895,61,120
4760,163,1900
514,3243,6247
1517,2398,120
2397,3053,959
2997,4467,21138
2740,514,1507
1274,576,5153
2997,1383,36122
4467,1749,4272
4765,2997,36540
4285,1921,35087
518,1232,4647
3283,4457,3150
1868,588,3783
1675,228,3098
4569,1232,3801
2040,1484,6352
4031,2040,525
1046,1972,3553
1625,3303,2530
2021,2243,791
2757,2797,4551
2797,3379,5578
2897,4287,5140
3752,4787,1968
4196,1209,11051
4921,2897,5226
4287,901,1921
4239,1379,4550
4780,3506,4966
897,297,1524
61,3844,987
163,3759,2570
406,631,2523
534,1858,7356
631,1793,1983
1061,4294,17224
1074,3844,959
2234,4108,2954
4319,4932,3371
2544,755,120
2615,406,14285
1574,437,1579
4108,1779,3035
3844,754,5745
3844,1562,1546
3243,3631,120
4507,3852,120
4259,2397,1739
4817,2997,3675
2494,828,3609
1223,91,331
1425,91,1051
3856,1612,4877
228,1484,5138
380,3200,2436
518,1781,4647
587,984,120
2775,3939,1140
3939,4663,1260
1083,513,1459
4344,1198,4643
1737,1232,20285
4890,3939,67
4663,826,3720
2771,1675,5096
2273,1737,3057
180,2161,1005
1152,2048,4575
1209,4856,20172
1460,2973,2673
2021,3433,1097
2506,1316,1819
2473,907,2381
3583,1209,27739
4670,1152,1453
3516,1668,1255
914,459,2256
2161,1152,765
163,754,2823
482,1183,4161
631,4928,499
1310,2615,2159
2292,4319,3582
3667,4496,3306
3919,4312,1020
4318,1779,60
4454,1808,1380
1796,1074,2759
3836,722,5134
4758,163,120
576,4765,28853
982,1749,120
3856,4646,3281
4001,4142,1702
4472,1383,783
3053,2540,21270
4765,1749,552
4646,2948,2681
4467,1151,4282
4259,3668,1879
17,587,120
17,1675,1192
984,4890,667
3205,4077,3124
4890,1979,310
2092,667,1161
826,228,1898
3910,2042,3752
4077,3910,1500
4457,2092,1500
1372,298,1930
2056,1484,6175
3205,826,4084
92,897,4791
180,4287,3580
733,3346,2023
1045,4128,2160
3379,89,2523
4856,1046,20172
4921,3506,4146
3379,92,4745
2797,2161,2925
4196,1346,3966
4196,3256,25271
134,3513,942
163,4108,2620
693,3844,5745
2544,3513,901
4928,2615,6859
1789,61,245
1150,685,14552
4758,4634,120
1793,437,1519
4928,3811,5129
523,3632,5110
576,4458,4840
983,2173,4854
1425,1834,2298
1431,2494,5678
4259,4285,774
4317,1834,2197
4507,3856,3976
1383,983,26805
2540,1921,22090
1268,523,5110
4259,3632,3894
490,1198,4285
513,1372,647
688,3881,6729
826,1232,5329
4031,4447,4065
4447,2056,6175
3939,2775,1140
2056,1232,6175
1372,33,513
4077,1867,120
2529,1867,120
854,1219,1451
1316,1379,1819
1531,2506,2212
1668,2973,1075
2852,1668,2075
4595,953,2701
2506,2021,3197
3722,1831,1412
4239,47,4415
4196,3303,5117
134,1796,3702
706,1061,2908
1779,4454,935
2292,4699,1002
2420,2715,14465
1061,754,18004
1474,406,120
1793,1562,1126
3896,776,1628
4319,908,3276
4108,551,120
4496,722,4086
2397,3632,1859
2494,3992,2115
2555,4001,2842
3067,4507,533
3632,3856,5092
3856,4285,4012
3558,1383,4327
3856,2740,1672
4507,389,226
2997,2966,15777
1268,1223,28936
4285,4130,2522
4259,828,2109
588,1395,2055
1083,1868,3259
1372,3881,4150
1868,1198,2343
4077,2040,2212
2273,667,1401
2771,2056,6175
2300,695,2288
2775,1083,1579
4344,1869,4643
92,4363,1251
494,4921,1266
897,3965,2590
1045,1379,780
1531,4287,1492
2337,3752,1252
2506,3433,4752
2852,2973,155
3516,3752,1308
4287,297,220
4750,1817,2506
1668,90,2163
4595,4287,601
4670,180,1693
2021,901,3661
2243,459,1850
134,693,822
163,1182,120
755,2077,120
1562,4319,2206
2615,2437,4098
1475,482,24341
693,437,2179
4496,2292,42
4749,4108,2566
4319,3667,26159
389,514,946
389,1827,346
514,2948,4152
1151,1516,120
1425,1646,2478
1425,3632,2658
1640,2494,2881
2494,2740,5603
4467,4646,3941
3632,1516,120
1827,1749,1872
2740,2540,5603
1640,1516,120
4130,1383,4982
2740,1827,673
33,719,2973
826,2056,3109
1232,2300,4746
1484,2529,4208
1868,4447,4203
2092,4031,1146
3440,4569,2781
4457,331,2400
3939,1484,3660
4352,667,2296
1735,513,3467
2771,984,1363
92,3256,5151
1045,3224,2460
4196,47,4415
4921,1045,1800
907,459,2030
2473,953,2737
2506,494,2302
4239,3295,16362
3965,92,2950
134,3667,882
631,4699,1008
820,2615,4585
1474,2544,120
3844,482,4545
2544,163,4501
1182,550,240
4928,2433,4098
3896,722,1868
3517,1779,815
828,1516,120
1383,3243,9067
1612,1646,2538
1612,4467,4877
1748,2475,120
1834,4317,2197
2475,3243,8527
4466,4472,120
2540,933,2968
3631,2494,120
3856,1899,4432
4507,3558,736
3632,1431,5678
4467,4317,4117
3558,1921,4327
64,1675,4547
695,2040,2468
695,4529,1079
1372,4077,3430
1675,4529,1079
1868,1675,1863
1868,1232,4203
4077,2775,25929
3205,1198,4084
47,3528,1243
1379,3433,4310
2506,4891,1867
2757,3346,1603
4891,1219,3071
3722,3506,5530
4670,1046,4033
1046,854,4862
1316,901,301
3583,3379,4325
4776,459,3350
134,3896,1002
631,1562,1666
685,4496,2646
820,1150,2425
1779,4318,60
3687,4294,5498
3667,1796,26159
4496,1074,2039
3759,755,110
820,134,1962
754,534,5892
2615,551,120
91,576,211
523,4765,5110
1517,4467,4028
3558,4646,41
3992,1517,2235
4467,2173,4854
2397,1425,1259
1383,1223,28936
4646,828,729
3992,1425,135
21,33,1150
490,1737,4285
514,1198,60
667,2092,1161
719,1867,120
735,3848,5179
2958,3440,24779
1781,1232,20285
2042,1737,3752
2300,1372,2466
4890,2092,3366
180,1046,4079
914,4064,1151
953,2338,412
1379,4891,7
2021,3965,2957
2897,4595,4141
4891,3379,3667
3256,47,4415
3495,2243,3553
3379,1625,2530
2897,92,5151
3722,3256,11234
2338,1951,2236
437,3895,120
1035,3513,5255
1793,3896,1028
1875,3687,1191
4002,4108,11260
4319,2234,1934
4928,551,120
4699,706,1488
4760,553,1060
4002,2544,4921
1268,4130,5162
1517,2493,120
1834,4130,4592
1899,4130,2942
1921,3668,439
2173,4765,4854
3053,4317,2257
4458,1268,4840
4467,982,60
2948,1834,2792
4285,1612,3797
2740,1383,5603
4817,3053,5115
64,1232,4667
514,2140,120
984,3910,343
1735,4447,3946
2140,3205,183
2529,17,3172
2531,2140,1168
588,587,120
649,17,3155
1737,1484,16696
3910,1735,3946
2757,3583,3291
4196,1831,2192
3433,47,432
3379,1044,120
3965,1346,3190
3256,1046,27134
3346,901,2323
3224,1219,1091
406,706,2908
482,1875,4551
706,3844,2308
1035,4699,768
1796,4895,5267
4749,4914,1726
4294,1182,240
1789,236,2105
2615,1789,3605
2615,163,5283
3667,61,1287
4760,4108,1660
91,2494,2551
523,3290,2476
1425,4317,2557
1646,4317,2377
2540,1517,3128
3992,2493,120
1921,1274,11867
3053,1268,21270
3243,1612,4877
2494,983,27684
331,4457,2400
514,4031,105
688,2140,2823
984,4447,3583
1372,1869,4150
1484,3205,4084
1868,2042,2403
2531,3892,1543
3910,4447,5220
2140,1737,3843
4447,2273,837
4529,33,1619
4529,1869,3419
733,2243,71
1379,3224,4129
1668,2337,1312
1951,3379,3316
2198,2506,4023
3256,4128,5162
2161,901,2701
3379,494,1145
4363,3224,889
3346,1219,1871
4239,901,1441
236,4496,1868
550,1435,4558
685,1475,14972
706,4319,2908
1475,1875,4551
2544,3896,961
4002,1574,6243
3836,706,1948
1310,550,2159
4319,1779,3035
4634,1789,3305
4699,4108,700
1150,776,35521
828,2476,120
983,2948,4152
1223,4317,1837
1640,3992,2895
1834,2997,692
1899,3632,31396
1899,4285,30976
2493,4472,120
2494,4470,2723
2555,3659,1729
4470,4646,941
3668,3596,491
4285,983,24345
3290,2475,5056
2966,1827,4273
4507,828,669
298,1484,5938
1484,4569,3801
2775,4663,5580
4663,2040,5700
1781,1231,120
897,4239,5604
914,1951,2976
2048,3256,4575
2897,3965,3910
3528,4239,5383
3583,4921,4446
4239,4891,667
4921,1316,1819
854,733,2459
3224,1625,2530
2757,92,3711
553,754,4435
553,4496,4015
631,1182,120
722,820,4585
722,1475,29635
1074,4496,2039
1808,4312,1857
1562,61,1647
3896,163,1743
3667,706,2608
4454,3025,2460
3896,685,1088
4700,4002,120
3895,706,120
1646,4130,3918
2494,4259,3894
4507,1827,4576
2476,1646,120
3290,514,5056
2997,1268,25920
3632,1749,3312
228,4529,3119
984,1867,120
1198,1484,12976
4031,1869,1905
984,649,2383
3910,1868,2403
4011,380,1824
3939,1232,2940
1372,588,4150
907,4196,4661
1316,4670,1633
1972,4891,367
2161,4546,954
2797,4287,5140
2897,4921,5226
3256,3965,3910
3303,3528,4397
4546,907,3221
3506,1531,292
3346,3256,1783
4239,3256,17862
4287,953,2684
1046,494,2302
134,1310,2159
406,550,14285
406,4895,4385
631,2615,2523
1475,1035,5255
4758,4002,120
4932,3759,1991
722,163,4263
4002,706,2908
4319,3811,5129
4319,1074,2759
576,983,26145
933,4467,2968
1834,4470,1052
2966,3632,18657
3067,3631,120
3631,4467,120
4817,1921,5115
3290,2997,1756
2540,1834,4592
2966,1425,1278
4467,1899,23178
3290,1517,1508
228,3205,878
514,2775,120
514,4447,120
688,2042,3632
1232,1781,20285
4569,826,1701
984,21,3463
3910,3440,4560
3251,1974,770
4529,3440,959
2531,1083,2488
297,4363,3761
854,2198,2882
897,4670,2413
901,4891,3007
1625,3528,2530
1625,4239,2530
2243,4891,1571
2852,3512,755
3965,4239,2950
1346,953,2444
4921,3528,3786
1531,901,3352
1972,1531,712
744,297,4338
4196,744,5703
61,2077,1139
482,1574,5403
550,2437,4098
631,1474,120
1061,2437,4098
1858,4711,17478
2234,2433,918
2437,3513,4098
3513,722,23161
1435,61,1407
3667,1562,1846
2544,1475,421
1474,1061,120
1150,61,207
1796,1310,2159
1268,3558,4327
2476,4472,120
2740,4130,182
3160,4140,2056
3243,4001,2842
3596,4467,71
4765,4817,5115
1921,1223,28696
4317,1921,1597
1827,1612,4093
3243,2740,4267
4140,389,777
592,1484,4619
695,1868,1863
1737,4077,23060
2529,2771,3068
3440,513,2987
2531,2040,688
2056,1735,166
1869,1781,16847
1868,514,120
1737,1198,24833
2771,514,120
180,494,1559
180,2506,4079
744,2797,1558
901,2473,2497
1046,1219,2411
4287,2021,2477
4670,1346,3013
3583,953,1784
3256,733,2339
4921,1972,3553
61,1435,1407
553,3513,3295
776,1562,1726
1061,1562,2206
1061,1875,4551
1150,1435,3358
4108,4318,120
2615,1061,18004
1435,1035,4018
755,236,120
1562,1475,1426
3836,2615,5134
631,163,1443
4496,3895,120
4496,134,1662
983,3053,21270
2740,2948,1332
4646,4317,1657
4130,1834,4592
1223,576,28816
1383,389,1006
2997,1827,1393
2475,1749,1992
33,3440,2853
298,826,1849
588,2771,29682
826,2300,3726
1232,4663,5700
1395,3440,2055
1867,4529,120
2092,3251,2071
1869,513,3647
984,228,1843
2042,688,3632
2040,1232,6352
4077,64,1367
1372,1232,4150
2958,64,2987
907,4546,3221
1046,2757,4791
2338,4776,3006
854,92,3482
2757,897,3351
1316,1046,1819
1219,92,71
1379,92,4491
134,163,3702
134,3836,222
631,4319,2523
706,4928,979
722,1875,4551
820,4634,663
1150,4318,120
1858,2715,15845
1927,4711,4684
3895,4699,120
4319,4700,120
4108,1796,2980
1182,1061,240
3204,534,7684
4932,2544,1511
754,706,2908
3844,2544,541
389,4142,483
1151,2740,3922
1413,4765,3904
1646,4472,783
1921,2948,4152
2475,4467,24678
1921,1749,1752
3243,1383,9067
3596,91,11
4507,1646,3138
1413,1268,4684
490,1869,4285
588,1198,24833
1083,3892,823
1231,4583,120
1372,1735,1126
1735,2056,166
4569,3440,2781
4447,3892,2563
719,513,3107
2958,490,4285
1484,1083,3679
1232,1083,3379
90,3752,2103
744,3256,5703
953,3295,704
1046,3995,240
1046,4239,17862
1346,2506,3966
1346,3379,3966
1379,2757,3051
2161,907,521
1379,744,2030
1625,494,130
1668,1460,595
1045,901,3780
4128,3965,3670
406,2292,1722
1061,1435,4558
1150,1562,766
1474,3896,120
2715,4711,14225
2077,1435,479
4002,2476,3986
1475,722,29635
706,482,1108
4002,236,3728
3687,754,5498
776,236,968
3895,1074,120
389,983,2806
1223,1827,4813
1268,4259,3894
2475,4817,5115
2494,3631,120
1834,1517,2108
2540,389,1846
2966,2494,18657
2397,1827,419
3992,1268,3615
331,2273,2646
513,2042,3647
649,1231,120
719,4447,5429
984,2042,343
1198,1232,18305
1395,1869,2055
1484,3881,6729
1675,3205,2876
2958,4077,25533
4447,4529,4739
4031,514,105
1484,984,3583
2531,1867,120
2771,513,3647
1868,826,663
4890,4352,256
47,1152,4415
907,2161,521
1531,3346,2323
2473,4287,637
3346,2161,1783
3256,1346,3966
2897,180,4079
3224,953,3224
4196,733,2579
4363,3433,1752
236,755,120
406,820,4585
706,1310,299
820,1475,3085
1779,3025,155
2077,553,2219
4319,1562,2206
4294,482,24341
3895,236,120
3895,1796,120
4319,685,14972
4928,3919,5220
91,3596,11
2948,4130,3002
3632,1517,3068
2540,1425,2658
3245,1268,451
1431,523,2978
3631,1268,120
3632,1748,120
17,64,1312
17,3939,2460
588,649,3095
1395,2040,412
1869,4569,3801
1974,3283,1370
2040,4529,2039
3881,4569,1401
4447,331,126
588,298,5938
3910,33,3513
1737,1231,240
2531,649,2308
4890,1781,127
1083,588,2839
907,1045,1601
914,4196,216
1625,4670,1573
3224,2506,5809
4128,3256,5162
3965,180,1870
2897,1219,3611
3379,2658,6506
3346,2021,2323
553,2544,2701
2433,4002,1278
3513,3896,1808
4699,2544,2581
4699,163,2928
1796,553,5095
3844,3513,5745
3759,550,2330
4496,706,2908
389,3890,1963
1748,1921,120
1749,1899,492
1827,4130,4322
2740,4817,2955
3243,4507,4576
4259,4646,2514
4472,4507,3
3558,523,3850
4466,3243,120
3632,3558,4327
3668,3632,1999
3668,1431,559
17,2300,1012
17,3343,2932
298,2056,4915
490,4344,145
688,3939,900
1737,2092,3306
2775,4529,1739
4447,4890,1387
2958,1735,2026
4529,649,3659
3205,1675,2876
1781,1484,15736
3892,1869,403
984,33,343
3881,1869,6729
588,17,3112
2300,1869,4746
907,2473,2381
953,1346,2444
1044,2473,120
1379,1625,2530
3224,4546,714
3506,4287,3940
2473,1045,2497
1045,854,2820
3295,494,2302
2506,1379,4550
4287,733,1559
61,406,2067
236,4928,3319
437,2437,2299
534,4319,5127
550,4700,120
722,2476,4877
1562,1793,1126
1074,553,2759
2715,1858,15845
693,534,2323
3667,1035,5255
3896,1562,1868
1474,1035,120
4108,1074,460
514,1425,2418
1640,3053,601
1899,3290,3796
2948,4317,397
2997,4817,3675
4259,2540,3894
3053,2494,21270
1899,933,2968
4467,3668,2959
2397,389,2146
17,4663,1972
228,3881,1598
592,1737,4619
1735,2775,3946
1737,3939,3660
3545,4077,24745
3251,331,2971
4569,1484,3801
4890,21,547
2958,1372,4150
2775,490,4285
1735,588,3946
1735,228,3458
2021,2757,3077
3495,4776,1086
4891,854,2047
2897,2048,4575
2161,2021,3257
2897,2797,5578
163,3896,1743
437,4496,3019
1475,3836,5134
3687,776,5498
685,134,222
4928,1789,3605
2292,820,342
1182,1150,240
1310,406,2159
2077,1789,2765
514,1413,4684
1516,4285,120
1640,4259,1381
2948,3856,4152
1827,389,346
3067,982,120
3632,983,27585
2540,1383,22870
1223,828,909
688,1372,4150
1869,3343,3598
2092,4529,246
2300,4077,1746
2775,4017,4236
2092,1979,310
4344,4077,4643
1869,1198,14987
3205,2958,4084
3910,17,1732
826,33,1773
89,1817,2004
3583,4128,4022
4239,3433,4752
2161,897,1725
4921,854,3842
3583,3303,5057
4670,953,3464
550,4895,5267
693,1183,4461
2476,406,4877
1435,550,4558
4294,2476,4877
3513,754,23161
1574,61,627
3896,482,248
1151,4646,221
1223,1612,4877
1268,3890,1903
1413,2966,4684
1517,1640,3001
3053,3290,5056
3992,4466,120
1431,514,5647
4646,1612,3281
2540,1640,1561
4817,4467,5115
2997,2948,2052
21,984,3463
64,2040,4667
331,667,2061
735,4390,4999
1231,4031,120
1735,1781,3946
4344,4583,3863
4344,518,4283
719,695,2468
3164,1979,1384
1198,33,3453
4529,514,120
854,2473,1537
953,4891,3247
1045,4921,1800
2161,3346,1783
2338,4196,3232
3295,4363,4301
3346,4128,1243
3506,3528,5383
3997,3295,3615
4287,2797,5140
3920,2338,3420
2338,1531,172
3303,854,3122
2021,897,1637
407,4108,120
1074,3513,1319
1435,4319,4558
1793,2615,3999
1796,4319,33588
4932,3811,1649
4002,755,120
4319,1796,33588
407,236,120
4323,4312,397
